1.392357657641463220e+02
1.392474345663308100e+02
1.392591562981568813e+02
1.392709311629067770e+02
1.392827593638624535e+02
1.392946411043058959e+02
1.393065765875192312e+02
1.393185660167843594e+02
1.393306095953834358e+02
1.393427075265985025e+02
1.393548600137115443e+02
1.393670672600046885e+02
1.393793294687599200e+02
1.393916468432592524e+02
1.394040195867848126e+02
1.394164479026185006e+02
1.394289319940425287e+02
1.394414720643387966e+02
1.394540683167893746e+02
1.394667209546763900e+02
1.394794301812817707e+02
1.394921961998876725e+02
1.395050192137760234e+02
1.395178994262288938e+02
1.395308370405283540e+02
1.395438322599565026e+02
1.395568852877952395e+02
1.395699963273266917e+02
1.395831655818329580e+02
1.395963932545959096e+02
1.396096795488977307e+02
1.396230246680204061e+02
1.396364288152459778e+02
1.396498921938565445e+02
1.396634150071340343e+02
1.396769974583605745e+02
1.396906397508182351e+02
1.397043420877889162e+02
1.397181046725548015e+02
1.397319277083978761e+02
1.397458113986001820e+02
1.397597559464437325e+02
1.397737615552106263e+02
1.397878284281828769e+02
1.398019567686425262e+02
1.398161467798716160e+02
1.398303986651521313e+02
1.398447126277662278e+02
1.398590888709958335e+02
1.398735275981230473e+02
1.398880290124299108e+02
1.399025933171984661e+02
1.399172207157106698e+02
1.399319114112487341e+02
1.399466656070945589e+02
1.399614835065302429e+02
1.399763653128378280e+02
1.399913112292992992e+02
1.400063214591967551e+02
1.400213962058122092e+02
1.400365356724276751e+02
1.400517400623253366e+02
1.400670095787870650e+02
1.400823444250948739e+02
1.400977448045310041e+02
1.401132109203773553e+02
1.401287429759160261e+02
1.401443411744290017e+02
1.401600057191983524e+02
1.401757368135060915e+02
1.401915346606343178e+02
1.402073994638650731e+02
1.402233314264803141e+02
1.402393307517621679e+02
1.402553976429926479e+02
1.402715323034537107e+02
1.402877349364275403e+02
1.403040057451960934e+02
1.403203449330414685e+02
1.403367527032455939e+02
1.403532292590906252e+02
1.403697748038585473e+02
1.403863895408314022e+02
1.404030736732912317e+02
1.404198274045201345e+02
1.404366509378000956e+02
1.404535444764131569e+02
1.404705082236413318e+02
1.404875423827667476e+02
1.405046471570713891e+02
1.405218227498372698e+02
1.405390693643464601e+02
1.405563872038810587e+02
1.405737764717229936e+02
1.405912373711543921e+02
1.406087701054572676e+02
1.406263748779136620e+02
1.406440518918055602e+02
1.406618013504150895e+02
1.406796234570242916e+02
1.406975184149151232e+02
1.407154864273696830e+02
1.407335276976700129e+02
1.407516424290981831e+02
1.407698308249361219e+02
1.407880930884659563e+02
1.408064294229697566e+02
1.408248400317295079e+02
1.408433251180272237e+02
1.408618848851450309e+02
1.408805195363648863e+02
1.408992292749689454e+02
1.409180143042391080e+02
1.409368748274575012e+02
1.409558110479061099e+02
1.409748231688670330e+02
1.409939113936223123e+02
1.410130759254539612e+02
1.410323169676439932e+02
1.410516347234744501e+02
1.410710293962274591e+02
1.410905011891849767e+02
1.411100503056290734e+02
1.411296769488418192e+02
1.411493813221051994e+02
1.411691636287012557e+02
1.411890240719120584e+02
1.412089628550196494e+02
1.412289801813060706e+02
1.412490762540533638e+02
1.412692512765435140e+02
1.412895054520585916e+02
1.413098389838806668e+02
1.413302520752918667e+02
1.413507449295740912e+02
1.413713177500093252e+02
1.413919707398798096e+02
1.414127041024674440e+02
1.414335180410542705e+02
1.414544127589224161e+02
1.414753884593538658e+02
1.414964453456306330e+02
1.415175836210348166e+02
1.415388034888484299e+02
1.415601051523535148e+02
1.415814888148321131e+02
1.416029546795663236e+02
1.416245029498380461e+02
1.416461338289294076e+02
1.416678475201224785e+02
1.416896442266992437e+02
1.417115241519418305e+02
1.417334874991321385e+02
1.417555344715523233e+02
1.417776652724844269e+02
1.417998801052103772e+02
1.418221791730123300e+02
1.418445626791722702e+02
1.418670308269722682e+02
1.418895838196943089e+02
1.419122218606205479e+02
1.419349451530329134e+02
1.419577539002135040e+02
1.419806483054443049e+02
1.420036285720074147e+02
1.420266949031848753e+02
1.420498475022587002e+02
1.420730865725109027e+02
1.420964123172235816e+02
1.421198249396787787e+02
1.421433246431584507e+02
1.421669116309447247e+02
1.421905861063196141e+02
1.422143482725651609e+02
1.422381983329633783e+02
1.422621364907963937e+02
1.422861629493461351e+02
1.423102779118947296e+02
1.423344815817241340e+02
1.423587741621165037e+02
1.423831558563537385e+02
1.424076268677180224e+02
1.424321873994912835e+02
1.424568376549556490e+02
1.424815778373930755e+02
1.425064081500856616e+02
1.425313287963154494e+02
1.425563399793644805e+02
1.425814419025147117e+02
1.426066347690483269e+02
1.426319187822472827e+02
1.426572941453935641e+02
1.426827610617693267e+02
1.427083197346565271e+02
1.427339703673372640e+02
1.427597131630935507e+02
1.427855483252074578e+02
1.428114760569609416e+02
1.428374965616361578e+02
1.428636100425150346e+02
1.428898167028796991e+02
1.429161167460121646e+02
1.429425103751945016e+02
1.429689977937086667e+02
1.429955792048367300e+02
1.430222548118607904e+02
1.430490248180628612e+02
1.430758894267249559e+02
1.431028488411291448e+02
1.431299032645574414e+02
1.431570529002918875e+02
1.431842979516146102e+02
1.432116386218075093e+02
1.432390751141527119e+02
1.432666076319322599e+02
1.432942363784281383e+02
1.433219615569224459e+02
1.433497833706972244e+02
1.433777020230345158e+02
1.434057177172162767e+02
1.434338306565246342e+02
1.434620410442416016e+02
1.434903490836492210e+02
1.435187549780295626e+02
1.435472589306646114e+02
1.435758611448364377e+02
1.436045618238270833e+02
1.436333611709185618e+02
1.436622593893930002e+02
1.436912566825323552e+02
1.437203532536186970e+02
1.437495493059339822e+02
1.437788450427604232e+02
1.438082406673799198e+02
1.438377363830745708e+02
1.438673323931263894e+02
1.438970289008174746e+02
1.439268261094297827e+02
1.439567242222454126e+02
1.439867234425464062e+02
1.440168239736147484e+02
1.440470260187325380e+02
1.440773297811818168e+02
1.441077354642446267e+02
1.441382432712029242e+02
1.441688534053388366e+02
1.441995660699343773e+02
1.442303814682715881e+02
1.442612998036325394e+02
1.442923212792992445e+02
1.443234460985537169e+02
1.443546744646780553e+02
1.443860065809542448e+02
1.444174426506643840e+02
1.444489828770904296e+02
1.444806274635145087e+02
1.445123766132186631e+02
1.445442305294848211e+02
1.445761894155951666e+02
1.446082534748316277e+02
1.446404229104763033e+02
1.446726979258112351e+02
1.447050787241184651e+02
1.447375655086800066e+02
1.447701584827779300e+02
1.448028578496942202e+02
1.448356638127110045e+02
1.448685765751102394e+02
1.449015963401740237e+02
1.449347233111843707e+02
1.449679576914233508e+02
1.450012996841729489e+02
1.450347494927152923e+02
1.450683073203323090e+02
1.451019733703060979e+02
1.451357478459187860e+02
1.451696309504522446e+02
1.452036228871886294e+02
1.452377238594099538e+02
1.452719340703982311e+02
1.453062537234355318e+02
1.453406830218039829e+02
1.453752221687853989e+02
1.454098713676620207e+02
1.454446308217158332e+02
1.454795007342288500e+02
1.455144813084831128e+02
1.455495727477607204e+02
1.455847752553436862e+02
1.456200890345140238e+02
1.456555142885537180e+02
1.456910512207449528e+02
1.457267000343696850e+02
1.457624609327099279e+02
1.457983341190478086e+02
1.458343197966653122e+02
1.458704181688444805e+02
1.459066294388673555e+02
1.459429538100159789e+02
1.459793914855723926e+02
1.460159426688186670e+02
1.460526075630367870e+02
1.460893863715088514e+02
1.461262792975168736e+02
1.461632865443428386e+02
1.462004083152689304e+02
1.462376448135770488e+02
1.462749962425492640e+02
1.463124628054677032e+02
1.463500447056142946e+02
1.463877421462711368e+02
1.464255553307202717e+02
1.464634844622437413e+02
1.465015297441235305e+02
1.465396913796417948e+02
1.465779695720804341e+02
1.466163645247216039e+02
1.466548764408472891e+02
1.466935055237395318e+02
1.467322519766804021e+02
1.467711160029519135e+02
1.468100978058360795e+02
1.468491975886150271e+02
1.468884155545707699e+02
1.469277519069852360e+02
1.469672068491406662e+02
1.470067805843189035e+02
1.470464733158021033e+02
1.470862852468723077e+02
1.471262165808115299e+02
1.471662675209017550e+02
1.472064382704251386e+02
1.472467290326636089e+02
1.472871400108992930e+02
1.473276714084141759e+02
1.473683234284903563e+02
1.474090962744097908e+02
1.474499901494546066e+02
1.474910052569067886e+02
1.475321418000484073e+02
1.475733999821615043e+02
1.476147800065280649e+02
1.476562820764301875e+02
1.476979063951499143e+02
1.477396531659692585e+02
1.477815225921702904e+02
1.478235148770350236e+02
1.478656302238455282e+02
1.479078688358837610e+02
1.479502309164318774e+02
1.479927166687718341e+02
1.480353262961857581e+02
1.480780600019555777e+02
1.481209179893634484e+02
1.481639004616913269e+02
1.482070076222212549e+02
1.482502396742353312e+02
1.482935968210155977e+02
1.483370792658440394e+02
1.483806872120026981e+02
1.484244208627736157e+02
1.484682804214389193e+02
1.485122660912805657e+02
1.485563780755805965e+02
1.486006165776211105e+02
1.486449818006840644e+02
1.486894739480515284e+02
1.487340932230056012e+02
1.487788398288282963e+02
1.488237139688016271e+02
1.488687158462076354e+02
1.489138456643283632e+02
1.489591036264458808e+02
1.490044899358422015e+02
1.490500047957993957e+02
1.490956484095994767e+02
1.491414209805244582e+02
1.491873227118564103e+02
1.492333538068774317e+02
1.492795144688694791e+02
1.493258049011145658e+02
1.493722253068949044e+02
1.494187758894923377e+02
1.494654568521890212e+02
1.495122683982669685e+02
1.495592107310081644e+02
1.496062840536947647e+02
1.496534885696087542e+02
1.497008244820321465e+02
1.497482919942469834e+02
1.497958913095353353e+02
1.498436226311792439e+02
1.498914861624607227e+02
1.499394821066618420e+02
1.499876106670646152e+02
1.500358720469511127e+02
1.500842664496033763e+02
1.501327940783033341e+02
1.501814551363331987e+02
1.502302498269749549e+02
1.502791783535105878e+02
1.503282409192221962e+02
1.503774377273917935e+02
1.504267689813013931e+02
1.504762348842331221e+02
1.505258356394689372e+02
1.505755714502909086e+02
1.506254425199810782e+02
1.506754490518214595e+02
1.507255912490941796e+02
1.507758693150811951e+02
1.508262834530645478e+02
1.508768338663263080e+02
1.509275207581485176e+02
1.509783443318132470e+02
1.510293047906024810e+02
1.510804023377982332e+02
1.511316371766826592e+02
1.511830095105376586e+02
1.512345195426453870e+02
1.512861674762878579e+02
1.513379535147470847e+02
1.513898778613051377e+02
1.514419407192440019e+02
1.514941422918457761e+02
1.515464827823924736e+02
1.515989623941661648e+02
1.516515813304488347e+02
1.517043397945225820e+02
1.517572379896694201e+02
1.518102761191714194e+02
1.518634543863105648e+02
1.519167729943689267e+02
1.519702321466285753e+02
1.520238320463714956e+02
1.520775728968797580e+02
1.521314549014354043e+02
1.521854782633204763e+02
1.522396431858170160e+02
1.522939498722070368e+02
1.523483985257726090e+02
1.524029893497957744e+02
1.524577225475585465e+02
1.525125983223429955e+02
1.525676168774311350e+02
1.526227784161050636e+02
1.526780831416467663e+02
1.527335312573382851e+02
1.527891229664616617e+02
1.528448584722989665e+02
1.529007379781322129e+02
1.529567616872434996e+02
1.530129298029147833e+02
1.530692425284281342e+02
1.531257000670655657e+02
1.531823026221092050e+02
1.532390503968410087e+02
1.532959435945430755e+02
1.533529824184973904e+02
1.534101670719860806e+02
1.534674977582910742e+02
1.535249746806944700e+02
1.535825980424783666e+02
1.536403680469246922e+02
1.536982848973155455e+02
1.537563487969329401e+02
1.538145599490589746e+02
1.538729185569756055e+02
1.539314248239649601e+02
1.539900789533090517e+02
1.540488811482898939e+02
1.541078316121895568e+02
1.541669305482900540e+02
1.542261781598734558e+02
1.542855746502217471e+02
1.543451202226170551e+02
1.544048150803413364e+02
1.544646594266767181e+02
1.545246534649051284e+02
1.545847973983087513e+02
1.546450914301695150e+02
1.547055357637694613e+02
1.547661306023906889e+02
1.548268761493151828e+02
1.548877726078250703e+02
1.549488201812023362e+02
1.550100190727289657e+02
1.550713694856871143e+02
1.551328716233587102e+02
1.551945256890258804e+02
1.552563318859706385e+02
1.553182904174749979e+02
1.553804014868210288e+02
1.554426652972907732e+02
1.555050820521662445e+02
1.555676519547295129e+02
1.556303752082626204e+02
1.556932520160475804e+02
1.557562825813664631e+02
1.558194671075012820e+02
1.558828057977340791e+02
1.559462988553469245e+02
1.560099464836218601e+02
1.560737488858408710e+02
1.561377062652860843e+02
1.562018188252394566e+02
1.562660867689830297e+02
1.563305102997989309e+02
1.563950896209691450e+02
1.564598249357756572e+02
1.565247164475006514e+02
1.565897643594260558e+02
1.566549688748339406e+02
1.567203301970062910e+02
1.567858485292252624e+02
1.568515240747728683e+02
1.569173570369310369e+02
1.569833476189819237e+02
1.570494960242075706e+02
1.571158024558899342e+02
1.571822671173110848e+02
1.572488902117531211e+02
1.573156719424980281e+02
1.573826125128278761e+02
1.574497121260246786e+02
1.575169709853705058e+02
1.575843892941473996e+02
1.576519672556373166e+02
1.577197050731224124e+02
1.577876029498847288e+02
1.578556610892061656e+02
1.579238796943689351e+02
1.579922589686549657e+02
1.580607991153463274e+02
1.581295003377250623e+02
1.581983628390732406e+02
1.582673868226728473e+02
1.583365724918059811e+02
1.584059200497546556e+02
1.584754296998008556e+02
1.585451016452267368e+02
1.586149360893142557e+02
1.586849332353454542e+02
1.587550932866024596e+02
1.588254164463671998e+02
1.588959029179217737e+02
1.589665529045482515e+02
1.590373666095285898e+02
1.591083442361448874e+02
1.591794859876791577e+02
1.592507920674134709e+02
1.593222626786298406e+02
1.593938980246103938e+02
1.594656983086370019e+02
1.595376637339918773e+02
1.596097945039569481e+02
1.596820908218142563e+02
1.597545528908459573e+02
1.598271809143339510e+02
1.598999750955603929e+02
1.599729356378072112e+02
1.600460627443565613e+02
1.601193566184904000e+02
1.601928174634907975e+02
1.602664454826398241e+02
1.603402408792194649e+02
1.604142038565117900e+02
1.604883346177988699e+02
1.605626333663626610e+02
1.606371003054852622e+02
1.607117356384487152e+02
1.607865395685350904e+02
1.608615122990264013e+02
1.609366540332046043e+02
1.610119649743518835e+02
1.610874453257501671e+02
1.611630952906815537e+02
1.612389150724280853e+02
1.613149048742717753e+02
1.613910648994946371e+02
1.614673953513788547e+02
1.615438964332062710e+02
1.616205683482590700e+02
1.616974112998192084e+02
1.617744254911687847e+02
1.618516111255897840e+02
1.619289684063643335e+02
1.620064975367744182e+02
1.620841987201020515e+02
1.621620721596293038e+02
1.622401180586381884e+02
1.623183366204108324e+02
1.623967280482292210e+02
1.624752925453753392e+02
1.625540303151313140e+02
1.626329415607791589e+02
1.627120264856009157e+02
1.627912852928785981e+02
1.628707181858943045e+02
1.629503253679299917e+02
1.630301070422677299e+02
1.631100634121896178e+02
1.631901946809776405e+02
1.632705010519138682e+02
1.633509827282803144e+02
1.634316399133590210e+02
1.635124728104320866e+02
1.635934816227814395e+02
1.636746665536892635e+02
1.637560278064374302e+02
1.638375655843081518e+02
1.639192800905833280e+02
1.640011715285451146e+02
1.640832401014754680e+02
1.641654860126564870e+02
1.642479094653701566e+02
1.643305106628985754e+02
1.644132898085237571e+02
1.644962471055276865e+02
1.645793827571924908e+02
1.646626969668001834e+02
1.647461899376328347e+02
1.648298618729724012e+02
1.649137129761009817e+02
1.649977434503006180e+02
1.650819534988533519e+02
1.651663433250411970e+02
1.652509131321462235e+02
1.653356631234504448e+02
1.654205935022359313e+02
1.655057044717847248e+02
1.655909962353788387e+02
1.656764689963002866e+02
1.657621229578311954e+02
1.658479583232535219e+02
1.659339752958493932e+02
1.660201740789007658e+02
1.661065548756896817e+02
1.661931178894982963e+02
1.662798633236084811e+02
1.663667913813023915e+02
1.664539022658621263e+02
1.665411961805695569e+02
1.666286733287068387e+02
1.667163339135559568e+02
1.668041781383990099e+02
1.668922062065179830e+02
1.669804183211949464e+02
1.670688146857119705e+02
1.671573955033510117e+02
1.672461609773941689e+02
1.673351113111234554e+02
1.674242467078209984e+02
1.675135673707687261e+02
1.676030735032487087e+02
1.676927653085430165e+02
1.677826429899336915e+02
1.678727067507027186e+02
1.679629567941322534e+02
1.680533933235042241e+02
1.681440165421007009e+02
1.682348266532036973e+02
1.683258238600953405e+02
1.684170083660576438e+02
1.685083803743725639e+02
1.685999400883222279e+02
1.686916877111886492e+02
1.687836234462538698e+02
1.688757474967999315e+02
1.689680600661089045e+02
1.690605613574627739e+02
1.691532515741435816e+02
1.692461309194334262e+02
1.693391995966143213e+02
1.694324578089682518e+02
1.695259057597773449e+02
1.696195436523236424e+02
1.697133716898891294e+02
1.698073900757557908e+02
1.699015990132058107e+02
1.699959987055211741e+02
1.700905893559839228e+02
1.701853711678760135e+02
1.702803443444796017e+02
1.703755090890766439e+02
1.704708656049492390e+02
1.705664140953794004e+02
1.706621547636492267e+02
1.707580878130406745e+02
1.708542134468358142e+02
1.709505318683166877e+02
1.710470432807653651e+02
1.711437478874638600e+02
1.712406458916942142e+02
1.713377374967384412e+02
1.714350229058786113e+02
1.715325023223967946e+02
1.716301759495750048e+02
1.717280439906952552e+02
1.718261066490396161e+02
1.719243641278901009e+02
1.720228166305288084e+02
1.721214643602377237e+02
1.722203075202989453e+02
1.723193463139944583e+02
1.724185809446062763e+02
1.725180116154165262e+02
1.726176385297072216e+02
1.727174618907603474e+02
1.728174819018580024e+02
1.729176987662822000e+02
1.730181126873150674e+02
1.731187238682384475e+02
1.732195325123345810e+02
1.733205388228854531e+02
1.734217430031729918e+02
1.735231452564794097e+02
1.736247457860866064e+02
1.737265447952767659e+02
1.738285424873317879e+02
1.739307390655337713e+02
1.740331347331647862e+02
1.741357296935068177e+02
1.742385241498419077e+02
1.743415183054521265e+02
1.744447123636195727e+02
1.745481065276262029e+02
1.746517010007540307e+02
1.747554959862852115e+02
1.748594916875017020e+02
1.749636883076855440e+02
1.750680860501188079e+02
1.751726851180835354e+02
1.752774857148617116e+02
1.753824880437354636e+02
1.754876923079867765e+02
1.755930987108977206e+02
1.756987074557502808e+02
1.758045187458265275e+02
1.759105327844085309e+02
1.760167497747783045e+02
1.761231699202178902e+02
1.762297934240094150e+02
1.763366204894347788e+02
1.764436513197760519e+02
1.765508861183153329e+02
1.766583250883346636e+02
1.767659684331159724e+02
1.768738163559415284e+02
1.769818690600931461e+02
1.770901267488528674e+02
1.771985896255029331e+02
1.773072578933252430e+02
1.774161317556018105e+02
1.775252114156147911e+02
1.776344970766460847e+02
1.777439889419778183e+02
1.778536872148920907e+02
1.779635920986708015e+02
1.780737037965961349e+02
1.781840225119500474e+02
1.782945484480146092e+02
1.784052818080717486e+02
1.785162227954037064e+02
1.786273716132923539e+02
1.787387284650198467e+02
1.788502935538681697e+02
1.789620670831193365e+02
1.790740492560554173e+02
1.791862402759584256e+02
1.792986403461105169e+02
1.794112496697936479e+02
1.795240684502897750e+02
1.796370968908811108e+02
1.797503351948496118e+02
1.798637835654772346e+02
1.799774422060461916e+02
1.800913113198384394e+02
1.802053911101359347e+02
1.803196817802208045e+02
1.804341835333751760e+02
1.805488965728808921e+02
1.806638211020201936e+02
1.807789573240748950e+02
1.808943054423272656e+02
1.810098656600592335e+02
1.811256381805528406e+02
1.812416232070901572e+02
1.813578209429531967e+02
1.814742315914240294e+02
1.815908553557846119e+02
1.817076924393171282e+02
1.818247430453035065e+02
1.819420073770258455e+02
1.820594856377662154e+02
1.821771780308064876e+02
1.822950847594289030e+02
1.824132060269153612e+02
1.825315420365479895e+02
1.826500929916088012e+02
