7.909800036820087143e+01
7.906980914280417494e+01
7.904158316118882510e+01
7.901332248837196914e+01
7.898502718937095324e+01
7.895669732920296724e+01
7.892833297288524363e+01
7.889993418543505754e+01
7.887150103186958461e+01
7.884303357720612837e+01
7.881453188646187868e+01
7.878599602465409646e+01
7.875742605680001418e+01
7.872882204791689276e+01
7.870018406302193625e+01
7.867151216713241979e+01
7.864280642526556164e+01
7.861406690243856588e+01
7.858529366366869340e+01
7.855648677397324775e+01
7.852764629836937615e+01
7.849877230187436794e+01
7.846986484950545560e+01
7.844092400627987161e+01
7.841194983721482004e+01
7.838294240732760443e+01
7.835390178163541464e+01
7.832482802515549736e+01
7.829572120290511350e+01
7.826658137990146713e+01
7.823740862116183337e+01
7.820820299170343048e+01
7.817896455654349097e+01
7.814969338069927574e+01
7.812038952918800305e+01
7.809105306702693383e+01
7.806168405923325793e+01
7.803228257082425046e+01
7.800284866681717233e+01
7.797338241222921340e+01
7.794388387207763458e+01
7.791435311137966835e+01
7.788479019515258983e+01
7.785519518841358888e+01
7.782556815617991219e+01
7.779590916346879226e+01
7.776621827529750419e+01
7.773649555668328048e+01
7.770674107264331099e+01
7.767695488819487082e+01
7.764713706835520668e+01
7.761728767814153684e+01
7.758740678257112222e+01
7.755749444666116688e+01
7.752755073542893172e+01
7.749757571389164923e+01
7.746756944706658032e+01
7.743753199997092906e+01
7.740746343762195636e+01
7.737736382503688048e+01
7.734723322723296235e+01
7.731707170922742023e+01
7.728687933603751503e+01
7.725665617268045082e+01
7.722640228417353114e+01
7.719611773553393164e+01
7.716580259177888479e+01
7.713545691792569414e+01
7.710508077899150692e+01
7.707467423999364087e+01
7.704423736594932848e+01
7.701377022187575960e+01
7.698327287279019515e+01
7.695274538370989603e+01
7.692218781965206631e+01
7.689160024563398110e+01
7.686098272667285869e+01
7.683033532778588892e+01
7.679965811399040376e+01
7.676895115030359307e+01
7.673821450174270353e+01
7.670744823332493922e+01
7.667665241006758947e+01
7.664582709698785834e+01
7.661497235910300674e+01
7.658408826143026715e+01
7.655317486898685786e+01
7.652223224679005398e+01
7.649126045985704536e+01
7.646025957320512134e+01
7.642922965185150019e+01
7.639817076081341440e+01
7.636708296510808225e+01
7.633596632975280727e+01
7.630482091976473669e+01
7.627364680016121667e+01
7.624244403595938024e+01
7.621121269217651673e+01
7.617995283382988703e+01
7.614866452593668100e+01
7.611734783351415956e+01
7.608600282157956940e+01
7.605462955515014301e+01
7.602322809924309865e+01
7.599179851887571147e+01
7.596034087906519972e+01
7.592885524482879589e+01
7.589734168118374669e+01
7.586580025314728459e+01
7.583423102573665631e+01
7.580263406396909431e+01
7.577100943286184531e+01
7.573935719743214179e+01
7.570767742269721623e+01
7.567597017367428691e+01
7.564423551538065738e+01
7.561247351283351747e+01
7.558068423105011391e+01
7.554886773504769337e+01
7.551702408984345993e+01
7.548515336045470292e+01
7.545325561189861219e+01
7.542133090919249128e+01
7.538937931735353004e+01
7.535740090139894676e+01
7.532539572634603076e+01
7.529336385721197189e+01
7.526130535901407370e+01
7.522922029676951183e+01
7.519710873549553298e+01
7.516497074020941227e+01
7.513280637592836797e+01
7.510061570766963257e+01
7.506839880045045277e+01
7.503615571928807526e+01
7.500388652919968990e+01
7.497159129520258602e+01
7.493927008231402453e+01
7.490692295555116687e+01
7.487454997993131656e+01
7.484215122047167768e+01
7.480972674218946850e+01
7.477727661010199256e+01
7.474480088922645393e+01
7.471229964458007089e+01
7.467977294118011855e+01
7.464722084404378677e+01
7.461464341818836488e+01
7.458204072863105694e+01
7.454941284038915228e+01
7.451675981847984076e+01
7.448408172792034065e+01
7.445137863372796971e+01
7.441865060091988937e+01
7.438589769451336053e+01
7.435311997952564411e+01
7.432031752097397259e+01
7.428749038387555004e+01
7.425463863324767999e+01
7.422176233410752388e+01
7.418886155147235684e+01
7.415593635035941134e+01
7.412298679578594829e+01
7.409001295276920018e+01
7.405701488632638529e+01
7.402399266147475032e+01
7.399094634323155617e+01
7.395787599661399270e+01
7.392478168663933502e+01
7.389166347832480142e+01
7.385852143668763858e+01
7.382535562674510743e+01
7.379216611351442623e+01
7.375895296201282747e+01
7.372571623725755785e+01
7.369245600426582143e+01
7.365917232805492176e+01
7.362586527364207711e+01
7.359253490604449155e+01
7.355918129027944019e+01
7.352580449136412710e+01
7.349240457431581319e+01
7.345898160415174516e+01
7.342553564588914128e+01
7.339206676454526246e+01
7.335857502513732697e+01
7.332506049268256731e+01
7.329152323219824439e+01
7.325796330870156226e+01
7.322438078720982446e+01
7.319077573274020665e+01
7.315714821030996973e+01
7.312349828493636039e+01
7.308982602163661113e+01
7.305613148542792601e+01
7.302241474132760857e+01
7.298867585435284866e+01
7.295491488952090720e+01
7.292113191184900245e+01
7.288732698635438112e+01
7.285350017805430411e+01
7.281965155196600392e+01
7.278578117310667039e+01
7.275188910649360707e+01
7.271797541714400381e+01
7.268404017007512152e+01
7.265008343030419269e+01
7.261610526284846401e+01
7.258210573272518218e+01
7.254808490495155127e+01
7.251404284454484639e+01
7.247997961652227161e+01
7.244589528590111627e+01
7.241178991769855600e+01
7.237766357693186592e+01
7.234351632861829273e+01
7.230934823777504050e+01
7.227515936941938435e+01
7.224094978856852833e+01
7.220671956023973337e+01
7.217246874945023194e+01
7.213819742121725653e+01
7.210390564055806806e+01
7.206959347248989900e+01
7.203526098202995342e+01
7.200090823419550645e+01
7.196653529400377636e+01
7.193214222647200984e+01
7.189772909661745359e+01
7.186329596945735432e+01
7.182884291000890187e+01
7.179436998328935715e+01
7.175987725431599529e+01
7.172536478810602034e+01
7.169083264967669322e+01
7.165628090404523221e+01
7.162170961622884136e+01
7.158711885124482421e+01
7.155250867411038485e+01
7.151787914984278416e+01
7.148323034345924043e+01
7.144856231997698615e+01
7.141387514441326800e+01
7.137916888178534691e+01
7.134444359711044115e+01
7.130969935540579741e+01
7.127493622168863396e+01
7.124015426097618331e+01
7.120535353828572056e+01
7.117053411863447820e+01
7.113569606703967452e+01
7.110083944851857041e+01
7.106596432808836994e+01
7.103107077076631981e+01
7.099615884156969514e+01
7.096122860551570000e+01
7.092628012762158107e+01
7.089131347290458507e+01
7.085632870638191605e+01
7.082132589307087756e+01
7.078630509798865944e+01
7.075126638615247998e+01
7.071620982257965693e+01
7.068113547228735172e+01
7.064604340029283946e+01
7.061093367161333845e+01
7.057580635126610957e+01
7.054066150426837112e+01
7.050549919563736978e+01
7.047031949039033805e+01
7.043512245354455104e+01
7.039990815011721281e+01
7.036467664512555586e+01
7.032942800358681268e+01
7.029416229051824416e+01
7.025887957093709701e+01
7.022357990986060372e+01
7.018826337230596835e+01
7.015293002329049443e+01
7.011757992783134341e+01
7.008221315094579040e+01
7.004682975765111053e+01
7.001142981296447942e+01
6.997601338190315801e+01
6.994058052948440718e+01
6.990513132072544522e+01
6.986966582064350462e+01
6.983418409425584628e+01
6.979868620657968847e+01
6.976317222263226370e+01
6.972764220743083285e+01
6.969209622599261422e+01
6.965653434333488292e+01
6.962095662447482880e+01
6.958536313442969856e+01
6.954975393821676732e+01
6.951412910085323915e+01
6.947848868735637495e+01
6.944283276274337879e+01
6.940716139203154000e+01
6.937147464023804844e+01
6.933577257238016500e+01
6.930005525347513640e+01
6.926432274854019511e+01
6.922857512259254520e+01
6.919281244064946179e+01
6.915703476772819158e+01
6.912124216884595285e+01
6.908543470902002070e+01
6.904961245326755659e+01
6.901377546660584983e+01
6.897792381405214712e+01
6.894205756062366675e+01
6.890617677133766961e+01
6.887028151121134556e+01
6.883437184526199815e+01
6.879844783850683143e+01
6.876250955596304948e+01
6.872655706264795583e+01
6.869059042357878297e+01
6.865460970377270655e+01
6.861861496824701590e+01
6.858260628201892928e+01
6.854658371010569340e+01
6.851054731752455496e+01
6.847449716929274643e+01
6.843843333042751453e+01
6.840235586594606332e+01
6.836626484086568212e+01
6.833016032020354658e+01
6.829404236897697444e+01
6.825791105220312716e+01
6.822176643489929404e+01
6.818560858208270758e+01
6.814943755877055764e+01
6.811325342998014776e+01
6.807705626072868199e+01
6.804084611603340704e+01
6.800462306091154119e+01
6.796838716038037376e+01
6.793213847945709460e+01
6.789587708315895043e+01
6.785960303650318792e+01
6.782331640450706800e+01
6.778701725218778051e+01
6.775070564456260058e+01
6.771438164664876069e+01
6.767804532346347912e+01
6.764169674002401678e+01
6.760533596134762035e+01
6.756896305245150813e+01
6.753257807835291260e+01
6.749618110406905203e+01
6.745977219461722996e+01
6.742335141501465046e+01
6.738691883027853180e+01
6.735047450542616332e+01
6.731401850547473487e+01
6.727755089544149314e+01
6.724107174034371326e+01
6.720458110519855666e+01
6.716807905502336951e+01
6.713156565483528482e+01
6.709504096965160613e+01
6.705850506448955173e+01
6.702195800436638251e+01
6.698539985429930255e+01
6.694883067930555853e+01
6.691225054440238296e+01
6.687565951460703673e+01
6.683905765493675233e+01
6.680244503040876225e+01
6.676582170604031319e+01
6.672918774684859500e+01
6.669254321785093964e+01
6.665588818406449434e+01
6.661922271050656263e+01
6.658254686219434859e+01
6.654586070414509891e+01
6.650916430137606028e+01
6.647245771890445099e+01
6.643574102174754614e+01
6.639901427492253561e+01
6.636227754344668028e+01
6.632553089233721266e+01
6.628877438661137944e+01
6.625200809128644153e+01
6.621523207137960298e+01
6.617844639190811051e+01
6.614165111788918239e+01
6.610484631434009373e+01
6.606803204627807702e+01
6.603120837872035054e+01
6.599437537668417519e+01
6.595753310518679768e+01
6.592068162924539365e+01
6.588382101387728085e+01
6.584695132409964913e+01
6.581007262492975940e+01
6.577318498138482994e+01
6.573628845848210744e+01
6.569938312123882440e+01
6.566246903467222751e+01
6.562554626379957767e+01
6.558861487363806475e+01
6.555167492920497807e+01
6.551472649551750749e+01
6.547776963759292812e+01
6.544080442044848667e+01
6.540383090910137298e+01
6.536684916856886218e+01
6.532985926386817255e+01
6.529286126001656498e+01
6.525585522203127198e+01
6.521884121492951181e+01
6.518181930372854538e+01
6.514478955344560518e+01
6.510775202909790949e+01
6.507070679570271921e+01
6.503365391827728104e+01
6.499659346183881325e+01
6.495952549140456256e+01
6.492245007199176143e+01
6.488536726861765658e+01
6.484827714629949469e+01
6.481117977005449404e+01
6.477407520489988713e+01
6.473696351585293485e+01
6.469984476793088390e+01
6.466271902615095257e+01
6.462558635553038755e+01
6.458844682108639290e+01
6.455130048783627217e+01
6.451414742079718678e+01
6.447698768498645450e+01
6.443982134542126516e+01
6.440264846711885127e+01
6.436546911509648794e+01
6.432828335437139344e+01
6.429109124996080027e+01
6.425389286688194090e+01
6.421668827015207626e+01
6.417947752478845302e+01
6.414226069580826106e+01
6.410503784822878970e+01
6.406780904706725721e+01
6.403057435734088187e+01
6.399333384406694591e+01
6.395608757226263918e+01
6.391883560694524391e+01
6.388157801313197126e+01
6.384431485584006083e+01
6.380704620008676642e+01
6.376977211088931341e+01
6.373249265326494140e+01
6.369520789223088997e+01
6.365791789280441293e+01
6.362062272000272145e+01
6.358332243884306934e+01
6.354601711434269617e+01
6.350870681151883446e+01
6.347139159538872377e+01
6.343407153096961792e+01
6.339674668327873519e+01
6.335941711733330806e+01
6.332208289815058322e+01
6.328474409074781448e+01
6.324740076014224854e+01
6.321005297135107526e+01
6.317270078939158395e+01
6.313534427928095738e+01
6.309798350603650618e+01
6.306061853467542022e+01
6.302324943021493908e+01
6.298587625767230236e+01
6.294849908206476385e+01
6.291111796840957027e+01
6.287373298172392566e+01
6.283634418702509805e+01
6.279895164933031282e+01
6.276155543365679534e+01
6.272415560502182075e+01
6.268675222844258599e+01
6.264934536893635908e+01
6.261193509152037251e+01
6.257452146121185876e+01
6.253710454302804322e+01
6.249968440198619390e+01
6.246226110310353619e+01
6.242483471139730256e+01
6.238740529188473971e+01
6.234997290958306593e+01
6.231253762950956343e+01
6.227509951668142918e+01
6.223765863611591698e+01
6.220021505283026642e+01
6.216276883184168156e+01
6.212532003816745174e+01
6.208786873682480945e+01
6.205041499283096584e+01
6.201295887120318895e+01
6.197550043695868283e+01
6.193803975511472260e+01
6.190057689068852653e+01
6.186311190869732002e+01
6.182564487415837107e+01
6.178817585208889085e+01
6.175070490750613317e+01
6.171323210542733761e+01
6.167575751086975089e+01
6.163828118885057705e+01
6.160080320438709123e+01
6.156332362249651879e+01
6.152584250819608513e+01
6.148835992650302984e+01
6.145087594243463514e+01
6.141339062100809087e+01
6.137590402724063665e+01
6.133841622614954758e+01
6.130092728275202774e+01
6.126343726206533802e+01
6.122594622910667539e+01
6.118845424889333628e+01
6.115096138644252477e+01
6.111346770677148754e+01
6.107597327489747130e+01
6.103847815583768721e+01
6.100098241460938908e+01
6.096348611622983071e+01
6.092598932571623749e+01
6.088849210808584900e+01
6.085099452835589773e+01
6.081349665154360906e+01
6.077599854266627233e+01
6.073850026674107738e+01
6.070100188878528513e+01
6.066350347381609964e+01
6.062600508685081735e+01
6.058850679290662811e+01
6.055100865700079993e+01
6.051351074415055109e+01
6.047601311937312119e+01
6.043851584768577112e+01
6.040101899410571917e+01
6.036352262365020493e+01
6.032602680133646800e+01
6.028853159218177638e+01
6.025103706120329861e+01
6.021354327341834534e+01
6.017605029384412063e+01
6.013855818749786408e+01
6.010106701939681528e+01
6.006357685455822093e+01
6.002608775799929930e+01
5.998859979473730419e+01
5.995111302978949652e+01
5.991362752817306614e+01
5.987614335490528816e+01
5.983866057500338087e+01
5.980117925348461227e+01
5.976369945536618644e+01
5.972622124566535007e+01
5.968874468939935696e+01
5.965126985158542539e+01
5.961379679724081626e+01
5.957632559138274786e+01
5.953885629902845977e+01
5.950138898519520581e+01
5.946392371490020423e+01
5.942646055316070886e+01
5.938899956499394506e+01
5.935154081541718796e+01
5.931408436944762030e+01
5.927663029210251722e+01
5.923917864839910408e+01
5.920172950335463469e+01
5.916428292198632732e+01
5.912683896931143579e+01
5.908939771034718547e+01
5.905195921011082305e+01
5.901452353361957393e+01
5.897709074589070610e+01
5.893966091194142365e+01
5.890223409678899458e+01
5.886481036545063716e+01
5.882738978294359100e+01
5.878997241428509568e+01
5.875255832449241211e+01
5.871514757858275146e+01
5.867774024157335333e+01
5.864033637848146441e+01
5.860293605432433139e+01
5.856553933411918678e+01
5.852814628288324172e+01
5.849075696563377846e+01
5.845337144738801527e+01
5.841598979316321305e+01
5.837861206797656166e+01
5.834123833684532201e+01
5.830386866478674079e+01
5.826650311681805050e+01
5.822914175795649072e+01
5.819178465321932237e+01
5.815443186762373529e+01
5.811708346618701171e+01
5.807973951392635570e+01
5.804240007585902816e+01
5.800506521700228291e+01
5.796773500237331689e+01
5.793040949698939812e+01
5.789308876586774488e+01
5.785577287402561097e+01
5.781846188648023599e+01
5.778115586824885952e+01
5.774385488434869274e+01
5.770655899979701786e+01
5.766926827961102475e+01
5.763198278880800274e+01
5.759470259240515588e+01
5.755742775541971668e+01
5.752015834286895313e+01
5.748289441977008352e+01
5.744563605114036164e+01
5.740838330199700579e+01
5.737113623735727685e+01
5.733389492223837891e+01
5.729665942165759418e+01
5.725942980063212673e+01
5.722220612417923746e+01
5.718498845731613756e+01
5.714777686506010212e+01
5.711057141242834945e+01
5.707337216443810490e+01
5.703617918610663651e+01
5.699899254245114122e+01
5.696181229848892258e+01
5.692463851923714913e+01
5.688747126971308887e+01
5.685031061493398852e+01
5.681315661991709476e+01
5.677600934967960455e+01
5.673886886923880013e+01
5.670173524361187845e+01
5.666460853781614304e+01
5.662748881686876246e+01
5.659037614578700470e+01
5.655327058958810227e+01
5.651617221328930185e+01
5.647908108190784304e+01
5.644199726046095833e+01
5.640492081396588020e+01
5.636785180743985535e+01
5.633079030590013048e+01
5.629373637436393096e+01
5.625669007784849640e+01
5.621965148137105928e+01
5.618262064994887339e+01
5.614559764859917124e+01
5.610858254233918530e+01
5.607157539618616937e+01
5.603457627515734885e+01
5.599758524426995621e+01
5.596060236854124526e+01
5.592362771298845558e+01
5.588666134262879126e+01
5.584970332247954161e+01
5.581275371755789649e+01
5.577581259288113102e+01
5.573888001346645638e+01
5.570195604433116188e+01
5.566504075049241607e+01
5.562813419696750117e+01
5.559123644877364256e+01
5.555434757092808695e+01
5.551746762844805971e+01
5.548059668635081465e+01
5.544373480965357714e+01
5.540688206337359389e+01
5.537003851252808317e+01
5.533320422213432721e+01
5.529637925720950875e+01
5.525956368277091002e+01
5.522275756383575640e+01
5.518596096542125906e+01
5.514917395254470023e+01
5.511239659022332660e+01
5.507562894347431381e+01
5.503887107731495121e+01
5.500212305676244284e+01
5.496538494683407094e+01
5.492865681254702537e+01
5.489193871891859544e+01
5.485523073096597813e+01
5.481853291370644143e+01
5.478184533215718233e+01
5.474516805133548303e+01
5.470850113625854760e+01
5.467184465194364407e+01
5.463519866340799780e+01
5.459856323566884839e+01
5.456193843374342833e+01
5.452532432264897722e+01
5.448872096740274884e+01
5.445212843302196148e+01
5.441554678452386895e+01
5.437897608692568951e+01
5.434241640524469830e+01
5.430586780449809226e+01
5.426933034970312519e+01
5.423280410587705092e+01
5.419628913803708059e+01
5.415978551120048223e+01
5.412329329038448122e+01
5.408681254060629584e+01
5.405034332688318699e+01
5.401388571423238716e+01
5.397743976767115015e+01
5.394100555221669424e+01
5.390458313288626613e+01
5.386817257469709119e+01
5.383177394266643034e+01
5.379538730181150186e+01
5.375901271714955953e+01
5.372265025369783586e+01
5.368629997647356333e+01
5.364996195049400285e+01
5.361363624077635137e+01
5.357732291233789113e+01
5.354102203019582618e+01
5.350473365936741033e+01
5.346845786486988317e+01
5.343219471172047719e+01
5.339594426493646040e+01
5.335970658953501555e+01
5.332348175053342487e+01
5.328726981294891374e+01
5.325107084179871464e+01
5.321488490210006006e+01
5.317871205887021802e+01
5.314255237712640678e+01
5.310640592188586595e+01
5.307027275816582801e+01
5.303415295098354676e+01
5.299804656535624758e+01
5.296195366630114876e+01
5.292587431883554672e+01
5.288980858797663842e+01
5.285375653874165636e+01
5.281771823614786854e+01
5.278169374521249324e+01
5.274568313095277006e+01
5.270968645838595279e+01
5.267370379252923840e+01
5.263773519839992332e+01
5.260178074101521162e+01
5.256584048539233578e+01
5.252991449654855671e+01
5.249400283950109980e+01
5.245810557926721884e+01
5.242222278086411080e+01
5.238635450930905080e+01
5.235050082961926421e+01
5.231466180681201195e+01
5.227883750590449097e+01
5.224302799191398350e+01
5.220723332985769360e+01
5.217145358475289640e+01
5.213568882161677465e+01
5.209993910546661056e+01
5.206420450131965083e+01
5.202848507419308532e+01
5.199278088910420337e+01
5.195709201107021613e+01
5.192141850510836321e+01
5.188576043623589129e+01
5.185011786947003998e+01
5.181449086982802044e+01
5.177887950232712200e+01
5.174328383198452741e+01
5.170770392381753311e+01
5.167213984284332184e+01
5.163659165407916163e+01
5.160105942254229205e+01
5.156554321324993850e+01
5.153004309121935478e+01
5.149455912146775916e+01
5.145909136901241965e+01
5.142363989887054032e+01
5.138820477605938919e+01
5.135278606559617742e+01
5.131738383249816593e+01
5.128199814178258009e+01
5.124662905846666661e+01
5.121127664756765796e+01
5.117594097410279375e+01
5.114062210308931355e+01
5.110532009954445698e+01
5.107003502848547072e+01
5.103476695492956594e+01
5.099951594389401066e+01
5.096428206039601605e+01
5.092906536945285723e+01
5.089386593608173115e+01
5.085868382529992715e+01
5.082351910212462087e+01
5.078837183157308743e+01
5.075324207866256643e+01
5.071812990841029034e+01
5.068303538583349876e+01
5.064795857594943129e+01
5.061289954377532752e+01
5.057785835432841282e+01
5.054283507262594100e+01
5.050782976368514454e+01
5.047284249252324884e+01
5.043787332415751479e+01
5.040292232360517488e+01
5.036798955588346871e+01
5.033307508600961455e+01
5.029817897900086621e+01
5.026330129987449169e+01
5.022844211364767375e+01
5.019360148533768040e+01
5.015877947996175124e+01
5.012397616253711163e+01
5.008919159808101540e+01
5.005442585161068791e+01
5.001967898814338298e+01
4.998495107269632598e+01
4.995024217028675650e+01
4.991555234593189994e+01
4.988088166464904560e+01
4.984623019145537626e+01
4.981159799136815280e+01
4.977698512940460063e+01
4.974239167058198774e+01
4.970781767991752531e+01
4.967326322242846715e+01
4.963872836313203862e+01
4.960421316704547223e+01
4.956971769918604309e+01
4.953524202457094106e+01
4.950078620821744124e+01
4.946635031514276903e+01
4.943193441036416402e+01
4.939753855889885870e+01
4.936316282576410686e+01
4.932880727597711967e+01
4.929447197455515806e+01
4.926015698651546870e+01
4.922586237687525568e+01
4.919158821065179410e+01
4.915733455286229514e+01
4.912310146852401971e+01
4.908888902265418608e+01
4.905469728027004095e+01
4.902052630638883812e+01
4.898637616602778166e+01
4.895224692420413959e+01
4.891813864593513728e+01
4.888405139623800721e+01
4.884998524013001031e+01
4.881594024262835774e+01
4.878191646875032461e+01
4.874791398351311500e+01
4.871393285193396139e+01
4.867997313903013890e+01
4.864603490981885159e+01
4.861211822931736748e+01
4.857822316254290484e+01
4.854434977451270328e+01
4.851049813024401658e+01
4.847666829475405592e+01
4.844286033306008221e+01
4.840907431017932794e+01
4.837531029112902559e+01
4.834156834092642896e+01
4.830784852458876344e+01
4.827415090713327572e+01
4.824047555357717698e+01
4.820682252893774944e+01
4.817319189823220427e+01
4.813958372647778106e+01
4.810599807869172650e+01
4.807243501989128021e+01
4.803889461509366754e+01
4.800537692931612810e+01
4.797188202757591569e+01
4.793840997489026279e+01
4.790496083627640900e+01
4.787153467675156548e+01
4.783813156133301447e+01
4.780475155503796714e+01
4.777139472288368438e+01
4.773806112988736317e+01
4.770475084106627151e+01
4.767146392143765610e+01
4.763820043601873522e+01
4.760496044982675556e+01
4.757174402787895673e+01
4.753855123519258541e+01
4.750538213678485988e+01
4.747223679767301974e+01
4.743911528287432589e+01
4.740601765740600371e+01
4.737294398628528569e+01
4.733989433452941853e+01
4.730686876715563471e+01
4.727386734918117384e+01
4.724089014562329680e+01
4.720793722149919347e+01
4.717500864182614606e+01
4.714210447162137996e+01
4.710922477590212054e+01
4.707636961968562161e+01
4.704353906798911567e+01
4.701073318582983518e+01
4.697795203822504817e+01
4.694519569019195160e+01
4.691246420674780637e+01
4.687975765290984498e+01
4.684707609369530701e+01
4.681441959412143206e+01
4.678178821920546682e+01
4.674918203396462246e+01
4.671660110341616701e+01
4.668404549257734004e+01
4.665151526646535274e+01
4.661901049009746600e+01
4.658653122849091233e+01
4.655407754666293130e+01
4.652164950963073409e+01
4.648924718241160292e+01
4.645687063002277029e+01
4.642451991748144025e+01
4.639219510980488081e+01
4.635989627201031027e+01
4.632762346911501083e+01
4.629537676613615815e+01
4.626315622809102734e+01
4.623096191999685800e+01
4.619879390687087550e+01
4.616665225373031944e+01
4.613453702559245073e+01
4.610244828747447343e+01
4.607038610439364135e+01
4.603835054136721538e+01
4.600634166341238540e+01
4.597435953554644783e+01
4.594240422278659253e+01
4.591047579015008040e+01
4.587857430265413683e+01
4.584669982531600851e+01
4.581485242315292794e+01
4.578303216118215602e+01
4.575123910442091102e+01
4.571947331788642543e+01
4.568773486659594596e+01
4.565602381556674061e+01
4.562434022981599213e+01
4.559268417436096854e+01
4.556105571421892364e+01
4.552945491440706149e+01
4.549788183994265012e+01
4.546633655584289357e+01
4.543481912712506698e+01
4.540332961880638152e+01
4.537186809590410519e+01
4.534043462343544917e+01
4.530902926641765305e+01
4.527765208986797774e+01
4.524630315880364151e+01
4.521498253824189817e+01
4.518369029319997310e+01
4.515242648869510589e+01
4.512119118974452903e+01
4.508998446136551053e+01
4.505880636857524024e+01
4.502765697639100040e+01
4.499653634983001638e+01
4.496544455390952066e+01
4.493438165364675285e+01
4.490334771405895253e+01
4.487234280016335219e+01
4.484136697697719853e+01
4.481042030951773825e+01
4.477950286280220382e+01
4.474861470184780643e+01
4.471775589167182119e+01
4.468692649729146638e+01
4.465612658372399579e+01
4.462535621598663482e+01
4.459461545909661595e+01
4.456390437807120009e+01
4.453322303792761261e+01
4.450257150368308601e+01
4.447194984035486698e+01
4.444135811296020222e+01
4.441079638651629580e+01
4.438026472604043704e+01
4.434976319654983001e+01
4.431929186306171431e+01
4.428885079059332952e+01
4.425844004416192234e+01
4.422805968878473948e+01
4.419770978947900630e+01
4.416739041126196241e+01
4.413710161915083319e+01
4.410684347816288664e+01
4.407661605331531973e+01
4.404641940962542890e+01
4.401625361211041110e+01
4.398611872578750592e+01
4.395601481567396007e+01
4.392594194678702024e+01
4.389590018414391182e+01
4.386588959276186017e+01
4.383591023765814043e+01
4.380596218384996376e+01
4.377604549635458397e+01
4.374616024018924065e+01
4.371630648037113787e+01
4.368648428191755784e+01
4.365669370984571174e+01
4.362693482917283205e+01
4.359720772855272486e+01
4.356751259118529163e+01
4.353784962390697189e+01
4.350821903355416964e+01
4.347862102696339548e+01
4.344905581097105340e+01
4.341952359241361137e+01
4.339002457812750180e+01
4.336055897494916422e+01
4.333112698971504528e+01
4.330172882926159872e+01
4.327236470042527117e+01
4.324303481004250216e+01
4.321373936494972412e+01
4.318447857198339079e+01
4.315525263797996303e+01
4.312606176977587324e+01
4.309690617420754677e+01
4.306778605811146576e+01
4.303870162832404134e+01
4.300965309168175565e+01
4.298064065502101982e+01
4.295166452517826627e+01
4.292272490898999138e+01
4.289382201329259914e+01
4.286495604492255040e+01
4.283612721071629181e+01
4.280733571751025579e+01
4.277858177214088897e+01
4.274986558144465931e+01
4.272118735225797082e+01
4.269254729141731985e+01
4.266394560575909622e+01
4.263538250211978209e+01
4.260685818733581698e+01
4.257837286824363332e+01
4.254992675167969907e+01
4.252152004448041822e+01
4.249315295348227295e+01
4.246482568552169568e+01
4.243653844743512593e+01
4.240829144605901035e+01
4.238008488822980979e+01
4.235191898078395667e+01
4.232379393055788341e+01
4.229570994438805087e+01
4.226766722911090568e+01
4.223966599156287316e+01
4.221170643858042126e+01
4.218378877699998242e+01
4.215591321365800326e+01
4.212807995539094463e+01
4.210028920903521765e+01
4.207254118142729027e+01
4.204483607940360201e+01
4.201717410980059242e+01
4.198955547945472944e+01
4.196198039520243128e+01
4.193444906388015880e+01
4.190696169232434443e+01
4.187951848737143479e+01
4.185211965585788363e+01
4.182476540462013048e+01
4.179745594049461488e+01
4.177019147031779767e+01
4.174297220092611127e+01
4.171579833915600233e+01
4.168867009184390326e+01
4.166158766582629625e+01
4.163455126793959238e+01
4.160756110502023120e+01
4.158061738390469486e+01
4.155372031142938027e+01
4.152687009443077670e+01
4.150006693974529526e+01
4.147331105420940389e+01
4.144660264465954214e+01
4.141994191793214952e+01
4.139332908086365848e+01
4.136676434029053695e+01
4.134024790304922448e+01
4.131377997597616059e+01
4.128736076590779902e+01
4.126099047968056510e+01
4.123466932413091257e+01
4.120839750609529517e+01
4.118217523241015243e+01
4.115600270991193099e+01
4.112988014543707038e+01
4.110380774582200303e+01
4.107778571790321820e+01
4.105181426851711990e+01
4.102589360450016187e+01
4.100002393268879786e+01
4.097420545991946028e+01
4.094843839302859578e+01
4.092272293885265810e+01
4.089705930422810098e+01
4.087144769599133554e+01
4.084588832097882971e+01
4.082038138602703725e+01
4.079492709797238348e+01
4.076952566365132213e+01
4.074417728990029275e+01
4.071888218355574907e+01
4.069364055145413772e+01
4.066845260043189114e+01
4.064331853732544886e+01
4.061823856897128593e+01
4.059321290220581346e+01
4.056824174386549231e+01
4.054332530078677621e+01
4.051846377980609759e+01
4.049365738775989598e+01
4.046890633148461802e+01
4.044421081781673166e+01
4.041957105359264801e+01
4.039498724564883503e+01
4.037045960082173224e+01
4.034598832594777917e+01
4.032157362786342247e+01
4.029721571340511588e+01
4.027291478940929181e+01
4.024867106271239692e+01
4.022448474015088493e+01
4.020035602856118828e+01
4.017628513477976782e+01
4.015227226564304885e+01
4.012831762798749935e+01
4.010442142864954462e+01
4.008058387446562421e+01
4.005680517227221316e+01
4.003308552890572969e+01
4.000942515120262044e+01
3.998582424599934626e+01
3.996228302013234668e+01
3.993880168043804701e+01
3.991538043375292233e+01
3.989201948691339084e+01
3.986871904675592759e+01
3.984547932011693661e+01
3.982230051383289293e+01
3.979918283474023610e+01
3.977612648967540565e+01
3.975313168547484821e+01
3.973019862897501042e+01
3.970732752701233892e+01
3.968451858642326613e+01
3.966177201404426711e+01
3.963908801671174587e+01
3.961646680126217035e+01
3.959390857453198009e+01
3.957141354335762884e+01
3.954898191457554901e+01
3.952661389502220146e+01
3.950430969153401151e+01
3.948206951094743289e+01
3.945989356009891225e+01
3.943778204582489622e+01
3.941573517496181722e+01
3.939375315434613611e+01
3.937183619081429242e+01
3.934998449120271857e+01
3.932819826234788252e+01
3.930647771108620958e+01
3.928482304425415350e+01
3.926323446868815381e+01
3.924171219122465715e+01
3.922025641870011015e+01
3.919886735795095944e+01
3.917754521581365879e+01
3.915629019912463349e+01
3.913510251472033019e+01
3.911398236943720974e+01
3.909292997011169746e+01
3.907194552358025419e+01
3.905102923667932657e+01
3.903018131624533993e+01
3.900940196911475510e+01
3.898869140212400453e+01
3.896804982210955615e+01
3.894747743590782818e+01
3.892697445035528858e+01
3.890654107228835556e+01
3.888617750854350419e+01
3.886588396595714556e+01
3.884566065136576185e+01
3.882550777160577127e+01
3.880542553351362045e+01
3.878541414392577025e+01
3.876547380967864598e+01
3.874560473760870849e+01
3.872580713455239021e+01
3.870608120734615909e+01
3.868642716282641913e+01
3.866684520782963830e+01
3.864733554919227743e+01
3.862789839375076184e+01
3.860853394834153818e+01
3.858924241980105307e+01
3.857002401496574606e+01
3.855087894067207799e+01
3.853180740375648838e+01
3.851280961105540257e+01
3.849388576940528139e+01
3.847503608564256439e+01
3.845626076660370529e+01
3.843756001912514364e+01
3.841893405004332607e+01
3.840038306619469211e+01
3.838190727441569550e+01
3.836350688154276156e+01
3.834518209441235825e+01
3.832693311986091800e+01
3.830876016472490164e+01
3.829066343584072740e+01
3.827264314004486323e+01
3.825469948417373445e+01
3.823683267506380901e+01
3.821904291955150512e+01
3.820133042447328364e+01
3.818369539666559120e+01
3.816613804296486734e+01
3.814865857020755868e+01
3.813125718523010477e+01
3.811393409486895933e+01
3.809668950596056192e+01
3.807952362534134494e+01
3.806243665984778346e+01
3.804542881631630280e+01
3.802850030158334960e+01
3.801165132248537049e+01
3.799488208585879789e+01
3.797819279854009267e+01
3.796158366736570144e+01
3.794505489917204955e+01
3.792860670079560492e+01
3.791223927907280711e+01
3.789595284084008853e+01
3.787974759293389582e+01
3.786362374219069693e+01
3.784758149544689587e+01
3.783162105953898191e+01
3.781574264130336616e+01
3.779994644757650946e+01
3.778423268519485134e+01
3.776860156099484556e+01
3.775305328181291742e+01
3.773758805448553488e+01
3.772220608584913037e+01
3.770690758274013632e+01
3.769169275199503488e+01
3.767656180045023717e+01
3.766151493494219693e+01
3.764655236230735369e+01
3.763167428938217540e+01
3.761688092300307318e+01
3.760217247000652208e+01
3.758754913722894742e+01
3.757301113150679583e+01
3.755855865967652818e+01
3.754419192857457688e+01
3.752991114503737435e+01
3.751571651590139567e+01
3.750160824800305903e+01
3.748758654817882530e+01
3.747365162326513399e+01
3.745980368009840333e+01
3.744604292551513680e+01
3.743236956635173129e+01
3.741878380944465476e+01
3.740528586163033964e+01
3.739187592974522545e+01
3.737855422062578725e+01
3.736532094110842905e+01
3.735217629802962591e+01
3.733912049822581025e+01
3.732615374853342161e+01
3.731327625578892793e+01
3.730048822682874743e+01
3.728778986848934807e+01
3.727518138760714805e+01
3.726266299101860824e+01
3.725023488556018236e+01
3.723789727806829575e+01
3.722565037537941635e+01
3.721349438432995527e+01
3.720142951175638046e+01
3.718945596449514568e+01
3.717757394938267623e+01
3.716578367325542587e+01
3.715408534294982701e+01
3.714247916530234761e+01
3.713096534714941299e+01
3.711954409532747690e+01
3.710821561667298596e+01
3.709698011802237261e+01
3.708583780621209058e+01
3.707478888807859363e+01
3.706383357045831417e+01
3.705297206018769174e+01
3.704220456410318718e+01
3.703153128904124003e+01
3.702095244183828981e+01
3.701046822933078317e+01
3.700007885835515964e+01
3.698978453574788006e+01
3.697958546834537685e+01
3.696948186298409667e+01
3.695947392650047902e+01
3.694956186573099188e+01
3.693974588751205346e+01
3.693002619868011749e+01
3.692040300607162351e+01
3.691087651652302526e+01
3.690144693687077648e+01
3.689211447395129539e+01
3.688287933460104995e+01
3.687374172565647257e+01
3.686470185395401700e+01
3.685575992633011566e+01
3.684691614962123651e+01
3.683817073066379066e+01
3.682952387629424607e+01
3.682097579334904225e+01
3.681252668866463296e+01
3.680417676907744351e+01
3.679592624142393475e+01
3.678777531254054622e+01
3.677972418926371745e+01
3.677177307842990928e+01
3.676392218687554703e+01
3.675617172143709155e+01
3.674852188895097527e+01
3.674097289625365192e+01
3.673352495018155395e+01
3.672617825757115639e+01
3.671893302525884906e+01
3.671178946008113542e+01
3.670474776887442658e+01
3.669780815847518340e+01
3.669097083571983120e+01
3.668423600744483082e+01
3.667760388048663600e+01
3.667107466168165786e+01
3.666464855786637855e+01
3.665832577587720920e+01
3.665210652255062485e+01
3.664599100472304372e+01
3.663997942923094087e+01
3.663407200291073451e+01
3.662826893259889260e+01
3.662257042513182625e+01
3.661697668734602473e+01
3.661148792607789204e+01
3.660610434816389613e+01
3.660082616044046944e+01
3.659565356974406569e+01
3.659058678291112443e+01
3.658562600677809229e+01
3.658077144818142301e+01
3.657602331395754192e+01
3.657138181094291696e+01
3.656684714597396635e+01
3.656241952588716515e+01
3.655809915751893158e+01
3.655388624770572648e+01
3.654978100328398938e+01
3.654578363109016692e+01
3.654189433796069864e+01
3.653811333073203116e+01
3.653444081624061113e+01
3.653087700132288518e+01
3.652742209281530705e+01
3.652407629755429497e+01
3.652083982237631687e+01
3.651771287411780520e+01
3.651469565961522079e+01
3.651178838570498186e+01
3.650899125922356347e+01
3.650630448700738384e+01
3.650372827589291802e+01
3.650126283271657002e+01
3.649890836431483621e+01
3.649666507752410638e+01
3.649453317918086270e+01
3.649251287612153050e+01
3.649060437518257771e+01
3.648880788320042257e+01
3.648712360701152591e+01
3.648555175345232726e+01
3.648409252935926617e+01
3.648274614156880347e+01
3.648151279691736448e+01
3.648039270224141717e+01
3.647938606437737974e+01
3.647849309016172015e+01
3.647771398643086371e+01
3.647704896002127839e+01
3.647649821776938950e+01
3.647606196651165078e+01
3.647574041308449466e+01
3.647553376432437489e+01
3.647544222706774519e+01
3.647546600815103091e+01
3.647560531441069998e+01
3.647586035268318483e+01
3.647623132980493210e+01
3.647671845261238133e+01
3.647732192794197204e+01
3.647804196263017218e+01
3.647887876351340708e+01
3.647983253742812337e+01
3.648090349121078191e+01
3.648209183169780090e+01
3.648339776572564830e+01
3.648482150013075653e+01
3.648636324174957224e+01
3.648802319741854205e+01
3.648980157397411972e+01
3.649169857825273766e+01
3.649371441709083541e+01
3.649584929732487382e+01
3.649810342579128530e+01
3.650047700932652361e+01
3.650297025476702828e+01
3.650558336894924594e+01
3.650831655870962322e+01
3.651117003088459967e+01
3.651414399231062191e+01
3.651723864982413659e+01
3.652045421026159033e+01
3.652379088045942268e+01
3.652724886725408027e+01
3.653082837748201683e+01
3.653452961797966481e+01
3.653835279558347082e+01
3.654229811712988862e+01
3.654636578945534353e+01
3.655055601939630350e+01
3.655486901378920095e+01
3.655930497947049673e+01
3.656386412327660196e+01
3.656854665204399168e+01
3.657335277260909834e+01
3.657828269180836855e+01
3.658333661647824897e+01
3.658851475345518622e+01
3.659381730957561274e+01
3.659924449167598937e+01
3.660479650659275563e+01
3.661047356116235107e+01
3.661627586222122943e+01
3.662220361660582313e+01
3.662825703115259302e+01
3.663443631269797152e+01
3.664074166807840527e+01
3.664717330413033380e+01
3.665373142769021797e+01
3.666041624559449730e+01
3.666722796467960421e+01
3.667416679178199956e+01
3.668123293373811578e+01
3.668842659738440659e+01
3.669574798955731154e+01
3.670319731709327726e+01
3.671077478682875039e+01
3.671848060560017046e+01
3.672631498024399122e+01
3.673427811759664507e+01
3.674237022449457157e+01
3.675059150777424577e+01
3.675894217427209298e+01
3.676742243082455985e+01
3.677603248426809301e+01
3.678477254143912489e+01
3.679364280917410923e+01
3.680264349430949267e+01
3.681177480368172894e+01
3.682103694412724337e+01
3.683043012248249681e+01
3.683995454558391458e+01
3.684961042026797884e+01
3.685939795337108649e+01
3.686931735172972679e+01
3.687936882218030377e+01
3.688955257155929957e+01
3.689986880670313241e+01
3.691031773444825603e+01
3.692089956163113129e+01
3.693161449508817640e+01
3.694246274165583088e+01
3.695344450817056980e+01
3.696456000146882559e+01
3.697580942838704487e+01
3.698719299576167430e+01
3.699871091042914628e+01
3.701036337922590747e+01
3.702215060898841159e+01
3.703407280655310529e+01
3.704613017875642100e+01
3.705832293243481246e+01
3.707065127442472630e+01
3.708311541156260205e+01
3.709571555068488635e+01
3.710845189862801874e+01
3.712132466222845295e+01
3.713433404832262852e+01
3.714748026374699208e+01
3.716076351533799027e+01
3.717418400993206973e+01
3.718774195436566288e+01
3.720143755547522346e+01
3.721527102009720522e+01
3.722924255506802638e+01
3.724335236722416198e+01
3.725760066340205157e+01
3.727198765043812045e+01
3.728651353516882239e+01
3.730117852443061821e+01
3.731598282505992614e+01
3.733092664389320703e+01
3.734601018776691461e+01
3.736123366351746711e+01
3.737659727798133247e+01
3.739210123799494312e+01
3.740774575039474570e+01
3.742353102201720105e+01
3.743945725969872740e+01
3.745552467027579269e+01
3.747173346058482224e+01
3.748808383746226980e+01
3.750457600774458911e+01
3.752121017826821259e+01
3.753798655586957977e+01
3.755490534738515862e+01
3.757196675965137445e+01
3.758917099950468099e+01
3.760651827378151779e+01
3.762400878931833148e+01
3.764164275295156159e+01
3.765942037151766897e+01
3.767734185185307894e+01
3.769540740079425234e+01
3.771361722517762161e+01
3.773197153183964758e+01
3.775047052761674848e+01
3.776911441934539226e+01
3.778790341386202556e+01
3.780683771800306658e+01
3.782591753860499040e+01
3.784514308250421522e+01
3.786451455653721609e+01
3.788403216754040415e+01
3.790369612235025443e+01
3.792350662780319936e+01
3.794346389073568560e+01
3.796356811798415265e+01
3.798381951638504006e+01
3.800421829277480867e+01
3.802476465398989092e+01
3.804545880686674764e+01
3.806630095824179705e+01
3.808729131495150710e+01
3.810843008383231734e+01
3.812971747172066728e+01
3.815115368545300356e+01
3.817273893186576572e+01
3.819447341779540750e+01
3.821635735007837553e+01
3.823839093555111646e+01
3.826057438105006270e+01
3.828290789341166089e+01
3.830539167947235768e+01
3.832802594606859259e+01
3.835081090003684068e+01
3.837374674821351306e+01
3.839683369743506347e+01
3.842007195453795276e+01
3.844346172635859205e+01
3.846700321973345638e+01
3.849069664149897818e+01
3.851454219849160410e+01
3.853854009754778076e+01
3.856269054550394770e+01
3.858699374919655867e+01
3.861144991546205318e+01
3.863605925113687078e+01
3.866082196305747232e+01
3.868573825806028310e+01
3.871080834298175688e+01
3.873603242465832608e+01
3.876141070992646576e+01
3.878694340562259413e+01
3.881263071858317204e+01
3.883847285564463192e+01
3.886447002364342040e+01
3.889062242941599834e+01
3.891693027979877684e+01
3.894339378162824516e+01
3.897001314174080733e+01
3.899678856697293128e+01
3.902372026416106365e+01
3.905080844014162267e+01
3.907805330175108338e+01
3.910545505582587822e+01
3.913301390920245382e+01
3.916073006871725681e+01
3.918860374120671963e+01
3.921663513350730312e+01
3.924482445245545392e+01
3.927317190488759735e+01
3.930167769764019425e+01
3.933034203754968416e+01
3.935916513145251372e+01
3.938814718618511534e+01
3.941728840858395699e+01
3.944658900548547820e+01
3.947604918372610427e+01
3.950566915014229608e+01
3.953544911157049313e+01
3.956538927484714918e+01
3.959548984680868955e+01
3.962575103429158929e+01
3.965617304413227373e+01
3.968675608316717529e+01
3.971750035823274771e+01
3.974840607616546606e+01
3.977947344380173433e+01
3.981070266797802049e+01
3.984209395553075694e+01
3.987364751329640455e+01
3.990536354811138864e+01
3.993724226681216294e+01
3.996928387623516699e+01
4.000148858321685452e+01
4.003385659459367218e+01
4.006638811720205240e+01
4.009908335787845601e+01
4.013194252345930835e+01
4.016496582078107025e+01
4.019815345668017414e+01
4.023150563799308088e+01
4.026502257155621578e+01
4.029870446420603969e+01
4.033255152277899924e+01
4.036656395411151266e+01
4.040074196504005499e+01
4.043508576240105867e+01
4.046959555303097034e+01
4.050427154376623662e+01
4.053911394144329705e+01
4.057412295289859117e+01
4.060929878496858692e+01
4.064464164448969541e+01
4.068015173829840592e+01
4.071582927323110823e+01
4.075167445612429162e+01
4.078768749381437431e+01
4.082386859313783845e+01
4.086021796093108094e+01
4.089673580403056974e+01
4.093342232927275859e+01
4.097027774349406570e+01
4.100730225353096614e+01
4.104449606621989233e+01
4.108185938839727669e+01
4.111939242689958007e+01
4.115709538856323491e+01
4.119496848022470203e+01
4.123301190872042810e+01
4.127122588088683131e+01
4.130961060356037251e+01
4.134816628357749835e+01
4.138689312777465545e+01
4.142579134298827626e+01
4.146486113605483581e+01
4.150410271381073812e+01
4.154351628309244404e+01
4.158310205073641441e+01
4.162286022357908166e+01
4.166279100845687822e+01
4.170289461220626492e+01
4.174317124166368842e+01
4.178362110366558824e+01
4.182424440504841101e+01
4.186504135264858206e+01
4.190601215330258356e+01
4.194715701384683371e+01
4.198847614111777915e+01
4.202996974195187363e+01
4.207163802318554957e+01
4.211348119165527493e+01
4.215549945419746791e+01
4.219769301764858938e+01
4.224006208884506464e+01
4.228260687462337586e+01
4.232532758181993415e+01
4.236822441727120037e+01
4.241129758781360692e+01
4.245454730028362178e+01
4.249797376151765604e+01
4.254157717835218477e+01
4.258535775762363329e+01
4.262931570616846955e+01
4.267345123082309044e+01
4.271776453842400656e+01
4.276225583580762191e+01
4.280692532981038312e+01
4.285177322726873683e+01
4.289679973501912968e+01
4.294200505989802252e+01
4.298738940874183356e+01
4.303295298838702365e+01
4.307869600567003232e+01
4.312461866742731331e+01
4.317072118049529195e+01
4.321700375171043618e+01
4.326346658790917843e+01
4.331010989592796534e+01
4.335693388260323644e+01
4.340393875477144547e+01
4.345112471926904618e+01
4.349849198293244967e+01
4.354604075259813811e+01
4.359377123510252261e+01
4.364168363728207112e+01
4.368977816597322317e+01
4.373805502801243961e+01
4.378651443023612444e+01
4.383515657948075273e+01
4.388398168258277110e+01
4.393298994637861199e+01
4.398218157770472203e+01
4.403155678339756207e+01
4.408111577029355033e+01
4.413085874522915475e+01
4.418078591504080066e+01
4.423089748656494891e+01
4.428119366663803191e+01
4.433167466209650343e+01
4.438234067977681718e+01
4.443319192651538430e+01
4.448422860914868693e+01
4.453545093451314330e+01
4.458685910944522135e+01
4.463845334078134641e+01
4.469023383535797223e+01
4.474220080001154543e+01
4.479435444157850554e+01
4.484669496689529922e+01
4.489922258279837308e+01
4.495193749612417378e+01
4.500483991370912662e+01
4.505793004238971378e+01
4.511120808900233925e+01
4.516467426038349231e+01
4.521832876336956986e+01
4.527217180479703984e+01
4.532620359150236311e+01
4.538042433032195788e+01
4.543483422809228500e+01
4.548943349164977690e+01
4.554422232783088731e+01
4.559920094347206287e+01
4.565436954540973602e+01
4.570972834048038180e+01
4.576527753552039712e+01
4.582101733736626414e+01
4.587694795285442240e+01
4.593306958882131141e+01
4.598938245210336362e+01
4.604588674953703276e+01
4.610258268795878678e+01
4.615947047420503679e+01
4.621655031511225076e+01
4.627382241751684688e+01
4.633128698825530023e+01
4.638894423416402901e+01
4.644679436207950118e+01
4.650483757883815628e+01
4.656307409127643382e+01
4.662150410623077335e+01
4.668012783053762149e+01
4.673894547103343911e+01
4.679795723455465861e+01
4.685716332793771244e+01
4.691656395801906854e+01
4.697615933163515933e+01
4.703594965562243146e+01
4.709593513681733157e+01
4.715611598205629207e+01
4.721649239817578092e+01
4.727706459201223055e+01
4.733783277040208759e+01
4.739879714018178447e+01
4.745995790818778204e+01
4.752131528125651982e+01
4.758286946622445868e+01
4.764462066992801681e+01
4.770656909920363375e+01
4.776871496088779168e+01
4.783105846181690879e+01
4.789359980882743173e+01
4.795633920875580003e+01
4.801927686843847454e+01
4.808241299471190189e+01
4.814574779441250740e+01
4.820928147437674482e+01
4.827301424144107500e+01
4.833694630244190904e+01
4.840107786421572200e+01
4.846540913359893921e+01
4.852994031742802861e+01
4.859467162253941552e+01
4.865960325576953238e+01
4.872473542395486845e+01
4.879006833393181353e+01
4.885560219253686398e+01
4.892133720660643093e+01
4.898727358297696810e+01
4.905341152848492925e+01
4.911975124996673969e+01
4.918629295425886028e+01
4.925303684819772343e+01
4.931998313861978289e+01
4.938713203236149951e+01
4.945448373625928440e+01
4.952203845714960551e+01
4.958979640186889526e+01
4.965775777725360740e+01
4.972592279014019567e+01
4.979429164736507829e+01
4.986286455576473031e+01
4.993164172217555574e+01
5.000062335343404385e+01
5.006980965637661996e+01
5.013920083783973070e+01
5.020879710465980850e+01
5.027859866367330710e+01
5.034860572171668025e+01
5.041881848562636748e+01
5.048923716223880831e+01
5.055986195839044228e+01
5.063069308091774445e+01
5.070173073665712593e+01
5.077297513244504756e+01
5.084442647511794178e+01
5.091608497151227652e+01
5.098795082846446292e+01
5.106002425281097601e+01
5.113230545138825534e+01
5.120479463103274043e+01
5.127749199858086371e+01
5.135039776086910024e+01
5.142351212473385402e+01
5.149683529701160012e+01
5.157036748453877806e+01
5.164410889415182027e+01
5.171805973268720891e+01
5.179222020698134088e+01
5.186659052387068414e+01
5.194117089019168532e+01
5.201596151278077684e+01
5.209096259847441246e+01
5.216617435410904591e+01
5.224159698652110251e+01
5.231723070254705021e+01
5.239307570902329303e+01
5.246913221278632733e+01
5.254540042067257133e+01
5.262188053951846456e+01
5.269857277616046076e+01
5.277547733743500658e+01
5.285259443017854153e+01
5.292992426122751937e+01
5.300746703741837962e+01
5.308522296558755471e+01
5.316319225257150549e+01
5.324137510520667149e+01
5.331977173032949224e+01
5.339838233477641438e+01
5.347720712538389876e+01
5.355624630898837779e+01
5.363550009242629812e+01
5.371496868253409218e+01
5.379465228614822081e+01
5.387455111010511644e+01
5.395466536124123991e+01
5.403499524639303075e+01
5.411554097239692140e+01
5.419630274608937270e+01
5.427728077430680287e+01
5.435847526388570117e+01
5.443988642166247871e+01
5.452151445447358924e+01
5.460335956915546518e+01
5.468542197254458870e+01
5.476770187147734248e+01
5.485019947279023711e+01
5.493291498331967659e+01
5.501584860990212889e+01
5.509900055937401930e+01
5.518237103857179449e+01
5.526596025433192239e+01
5.534976841349082122e+01
5.543379572288495183e+01
5.551804238935073244e+01
5.560250861972464520e+01
5.568719462084312255e+01
5.577210059954258980e+01
5.585722676265952202e+01
5.594257331703033032e+01
5.602814046949148263e+01
5.611392842687943983e+01
5.619993739603060590e+01
5.628616758378145590e+01
5.637261919696841517e+01
5.645929244242794454e+01
5.654618752699648354e+01
5.663330465751046461e+01
5.672064404080635569e+01
5.680820588372058211e+01
5.689599039308960471e+01
5.698399777574984171e+01
5.707222823853778237e+01
5.716068198828981650e+01
5.724935923184244757e+01
5.733826017603206537e+01
5.742738502769514497e+01
5.751673399366812589e+01
5.760630728078746188e+01
5.769610509588958536e+01
5.778612764581093586e+01
5.787637513738797423e+01
5.796684777745713291e+01
5.805754577285487272e+01
5.814846933041761901e+01
5.823961865698182550e+01
5.833099395938393172e+01
5.842259544446040564e+01
5.851442331904765126e+01
5.860647778998214363e+01
5.869875906410031519e+01
5.879126734823863387e+01
5.888400284923350370e+01
5.897696577392141393e+01
5.907015632913876146e+01
5.916357472172203558e+01
5.925722115850766869e+01
5.935109584633208613e+01
5.944519899203175584e+01
5.953953080244310314e+01
5.963409148440257468e+01
5.972888124474663840e+01
5.982390029031171963e+01
5.991914882793426500e+01
6.001462706445072826e+01
6.011033520669752761e+01
6.020627346151116654e+01
6.030244203572802064e+01
6.039884113618457206e+01
6.049547096971724613e+01
6.059233174316251791e+01
6.068942366335681982e+01
6.078674693713658428e+01
6.088430177133825794e+01
6.098208837279829453e+01
6.108010694835312648e+01
6.117835770483922886e+01
6.127684084909301276e+01
6.137555658795093194e+01
6.147450512824944013e+01
6.157368667682497687e+01
6.167310144051398169e+01
6.177274962615290832e+01
6.187263144057819630e+01
6.197274709062628517e+01
6.207309678313364998e+01
6.217368072493669473e+01
6.227449912287188027e+01
6.237555218377566746e+01
6.247684011448446739e+01
6.257836312183475513e+01
6.268012141266296311e+01
6.278211519380553796e+01
6.288434467209891210e+01
6.298681005437954639e+01
6.308951154748388745e+01
6.319244935824838905e+01
6.329562369350945517e+01
6.339903476010356087e+01
6.350268276486714569e+01
6.360656791463667048e+01
6.371069041624856055e+01
6.381505047653926255e+01
6.391964830234521600e+01
6.402448410050288885e+01
6.412955807784869933e+01
6.423487044121910117e+01
6.434042139745054101e+01
6.444621115337946549e+01
6.455223991584233545e+01
6.465850789167555490e+01
6.476501528771559890e+01
6.487176231079889988e+01
6.497874916776193288e+01
6.508597606544108771e+01
6.519344321067288206e+01
6.530115081029367730e+01
6.540909907113996269e+01
6.551728820004819909e+01
6.562571840385479049e+01
6.573438988939622618e+01
6.584330286350889594e+01
6.595245753302931746e+01
6.606185410479386633e+01
6.617149278563901760e+01
6.628137378240121791e+01
6.639149730191692811e+01
6.650186355102253799e+01
6.661247273655456524e+01
6.672332506534939967e+01
