9.942195819105249655e+01
9.940908687654101072e+01
9.939619989123464450e+01
9.938329736351543886e+01
9.937037942176520744e+01
9.935744619436587755e+01
9.934449780969936228e+01
9.933153439614758895e+01
9.931855608209244224e+01
9.930556299591582103e+01
9.929255526599970949e+01
9.927953302072587860e+01
9.926649638847636936e+01
9.925344549763303803e+01
9.924038047657776929e+01
9.922730145369253307e+01
9.921420855735914301e+01
9.920110191595962590e+01
9.918798165787580956e+01
9.917484791148960710e+01
9.916170080518294583e+01
9.914854046733778148e+01
9.913536702633592768e+01
9.912218061055934015e+01
9.910898134838993201e+01
9.909576936820961635e+01
9.908254479840029205e+01
9.906930776734388644e+01
9.905605840342222734e+01
9.904279683501732734e+01
9.902952319051107111e+01
9.901623759828537175e+01
9.900294018672207130e+01
9.898963108420312551e+01
9.897631041911046168e+01
9.896297831982596449e+01
9.894963491473153283e+01
9.893628033220909401e+01
9.892291470064058956e+01
9.890953814840784730e+01
9.889615080389282298e+01
9.888275279547747232e+01
9.886934425154362316e+01
9.885592530047321702e+01
9.884249607064812437e+01
9.882905669045034358e+01
9.881560728826168827e+01
9.880214799246414259e+01
9.878867893143960544e+01
9.877520023356991885e+01
9.876171202723705278e+01
9.874821444082289190e+01
9.873470760270934932e+01
9.872119164127835234e+01
9.870766668491177143e+01
9.869413286199156232e+01
9.868059030089958128e+01
9.866703913001778403e+01
9.865347947772806947e+01
9.863991147241232227e+01
9.862633524245246974e+01
9.861275091623039657e+01
9.859915862212807269e+01
9.858555848852736858e+01
9.857195064381015470e+01
9.855833521635840100e+01
9.854471233455397794e+01
9.853108212677878441e+01
9.851744472141477615e+01
9.850380024684385205e+01
9.849014883144789678e+01
9.847649060360883766e+01
9.846282569170857357e+01
9.844915422412898920e+01
9.843547632925204027e+01
9.842179213545959726e+01
9.840810177113363011e+01
9.839440536465598086e+01
9.838070304440856262e+01
9.836699493877330269e+01
9.835328117613214260e+01
9.833956188486692440e+01
9.832583719335961803e+01
9.831210722999210816e+01
9.829837212314627948e+01
9.828463200120405929e+01
9.827088699254737492e+01
9.825713722555811103e+01
9.824338282861816651e+01
9.822962393010949711e+01
9.821586065841395907e+01
9.820209314191350813e+01
9.818832150899001476e+01
9.817454588802543469e+01
9.816076640740163839e+01
9.814698319550046790e+01
9.813319638070396422e+01
9.811940609139398362e+01
9.810561245595241076e+01
9.809181560276117295e+01
9.807801566020218331e+01
9.806421275665735493e+01
9.805040702050857249e+01
9.803659858013777750e+01
9.802278756392681203e+01
9.800897410025767442e+01
9.799515831751222095e+01
9.798134034407237891e+01
9.796752030832004721e+01
9.795369833863713893e+01
9.793987456340558140e+01
9.792604911100721665e+01
9.791222210982402885e+01
9.789839368823791688e+01
9.788456397463073699e+01
9.787073309738444493e+01
9.785690118488093958e+01
9.784306836550211983e+01
9.782923476762988457e+01
9.781540051964618954e+01
9.780156574993293361e+01
9.778773058687195885e+01
9.777389515884523519e+01
9.776005959423461888e+01
9.774622402142212252e+01
9.773238856878957392e+01
9.771855336471887199e+01
9.770471853759195824e+01
9.769088421579075998e+01
9.767705052769713348e+01
9.766321760169302024e+01
9.764938556616030496e+01
9.763555454948094336e+01
9.762172468003679171e+01
9.760789608620977731e+01
9.759406889638184168e+01
9.758024323893486951e+01
9.756641924225070284e+01
9.755259703471138266e+01
9.753877674469870840e+01
9.752495850059464999e+01
9.751114243078107791e+01
9.749732866363994788e+01
9.748351732755310195e+01
9.746970855090249586e+01
9.745590246207004270e+01
9.744209918943761295e+01
9.742829886138714812e+01
9.741450160630058974e+01
9.740070755255976565e+01
9.738691682854661735e+01
9.737312956264307218e+01
9.735934588323102901e+01
9.734556591869238673e+01
9.733178979740905845e+01
9.731801764776301411e+01
9.730424959813602470e+01
9.729048577691008859e+01
9.727672631246713308e+01
9.726297133318904287e+01
9.724922096745768840e+01
9.723547534365506806e+01
9.722173459016300967e+01
9.720799883536342634e+01
9.719426820763827379e+01
9.718054283536943672e+01
9.716682284693879978e+01
9.715310837072831873e+01
9.713939953511984982e+01
9.712569646849534877e+01
9.711199929923670027e+01
9.709830815572583163e+01
9.708462316634464173e+01
9.707094445947504369e+01
9.705727216349887954e+01
9.704360640679819028e+01
9.702994731775474690e+01
9.701629502475056199e+01
9.700264965616753443e+01
9.698901134038749206e+01
9.697538020579241902e+01
9.696175638076420000e+01
9.694813999368473389e+01
9.693453117293593380e+01
9.692093004689972702e+01
9.690733674395799824e+01
9.689375139249270319e+01
9.688017412088568392e+01
9.686660505751891037e+01
9.685304433077425301e+01
9.683949206903359652e+01
9.682594840067891084e+01
9.681241345409206644e+01
9.679888735765499064e+01
9.678537023974959652e+01
9.677186222875774035e+01
9.675836345306140629e+01
9.674487404104245059e+01
9.673139412108281476e+01
9.671792382156438350e+01
9.670446327086909832e+01
9.669101259737880127e+01
9.667757192947546230e+01
9.666414139554095186e+01
9.665072112395723991e+01
9.663731124310615428e+01
9.662391188136965070e+01
9.661052316712965649e+01
9.659714522876804210e+01
9.658377819466672065e+01
9.657042219320761944e+01
9.655707735277263737e+01
9.654374380174365911e+01
9.653042166850264039e+01
9.651711108143145168e+01
9.650381216891202030e+01
9.649052505932625934e+01
9.647724988105605348e+01
9.646398676248337267e+01
9.645073583199004474e+01
9.643749721795801122e+01
9.642427104876919941e+01
9.641105745280546557e+01
9.639785655844880807e+01
9.638466849408105475e+01
9.637149338808414711e+01
9.635833136884001249e+01
9.634518256473050712e+01
9.633204710413758676e+01
9.631892511544313606e+01
9.630581672702906815e+01
9.629272206727729611e+01
9.627964126456970462e+01
9.626657444728824942e+01
9.625352174381482939e+01
9.624048328253132922e+01
9.622745919181966201e+01
9.621444960006172664e+01
9.620145463563947885e+01
9.618847442693477490e+01
9.617550910232955630e+01
9.616255879020570774e+01
9.614962361894514231e+01
9.613670371692981576e+01
9.612379921254155590e+01
9.611091023416234691e+01
9.609803691017401661e+01
9.608517936895856337e+01
9.607233773889784345e+01
9.605951214837378416e+01
9.604670272576825596e+01
9.603390959946324301e+01
9.602113289784057315e+01
9.600837274928218790e+01
9.599562928217001456e+01
9.598290262488596625e+01
9.597019290581188500e+01
9.595750025332975497e+01
9.594482479582146084e+01
9.593216666166891571e+01
9.591952597925400426e+01
9.590690287695863958e+01
9.589429748316476321e+01
9.588170992625424560e+01
9.586914033460902829e+01
9.585658883661099594e+01
9.584405556064206166e+01
9.583154063508415277e+01
9.581904418831915393e+01
9.580656634872896404e+01
9.579410724469552463e+01
9.578166700460074878e+01
9.576924575682650698e+01
9.575684362975474073e+01
9.574446075176736315e+01
9.573209725124623048e+01
9.571975325657329847e+01
9.570742889613046600e+01
9.569512429829964617e+01
9.568283959146276629e+01
9.567057490400169684e+01
9.565833036429833669e+01
9.564610610073462738e+01
9.563390224169246778e+01
9.562171891555379943e+01
9.560955625070047859e+01
9.559741437551443255e+01
9.558529341837757443e+01
9.557319350767181731e+01
9.556111477177906011e+01
9.554905733908120169e+01
9.553702133796018359e+01
9.552500689679789048e+01
9.551301414397623546e+01
9.550104320787714585e+01
9.548909421688247789e+01
9.547716729937421576e+01
9.546526258373420148e+01
9.545338019834437659e+01
9.544152027158662577e+01
9.542968293184291895e+01
9.541786830749508397e+01
9.540607652692507656e+01
9.539430771851480984e+01
9.538256201064616846e+01
9.537083953170106554e+01
9.535914041006142838e+01
9.534746477410914167e+01
9.533581275222616114e+01
9.532418447279431462e+01
9.531258006419558626e+01
9.530099965481183233e+01
9.528944337302500855e+01
9.527791134721698540e+01
9.526640370576970440e+01
9.525492057706503601e+01
9.524346208948490755e+01
9.523202837141123211e+01
9.522061955122593702e+01
9.520923575731089272e+01
9.519787711804801233e+01
9.518654376181923737e+01
9.517523581700642410e+01
9.516395341199154245e+01
9.515269667515649132e+01
9.514146573488312697e+01
9.513026071955340512e+01
9.511908175754922468e+01
9.510792897725249873e+01
9.509680250704512616e+01
9.508570247530899167e+01
9.507462901042605097e+01
9.506358224077818875e+01
9.505256229474730389e+01
9.504156930071533793e+01
9.503060338706418975e+01
9.501966468217571560e+01
9.500875331443188543e+01
9.499786941221462655e+01
9.498701310390578101e+01
9.497618451788730454e+01
9.496538378254109602e+01
9.495461102624902594e+01
9.494386637739303580e+01
9.493314996435503872e+01
9.492246191551693357e+01
9.491180235926064768e+01
9.490117142396807992e+01
9.489056923802112919e+01
9.487999592980172281e+01
9.486945162769173123e+01
9.485893646007309599e+01
9.484845055532773017e+01
9.483799404183753268e+01
9.482756704798440239e+01
9.481716970215023821e+01
9.480680213271696744e+01
9.479646446806653159e+01
9.478615683658081537e+01
9.477587936664168922e+01
9.476563218663109467e+01
9.475541542493094482e+01
9.474522920992312436e+01
9.473507366998956059e+01
9.472494893351219503e+01
9.471485512887284131e+01
9.470479238445351200e+01
9.469476082863604915e+01
9.468476058980242271e+01
9.467479179633447472e+01
9.466485457661416092e+01
9.465494905902335177e+01
9.464507537194397457e+01
9.463523364375795666e+01
9.462542400284718269e+01
9.461564657759359420e+01
9.460590149637901902e+01
9.459618888758544131e+01
9.458650887959477416e+01
9.457686160078888804e+01
9.456724717954969606e+01
9.455766574425913973e+01
9.454811742329908952e+01
9.453860234505148696e+01
9.452912063789818831e+01
9.451967243022117771e+01
9.451025785040226879e+01
9.450087702682348834e+01
9.449153008786664998e+01
9.448221716191370945e+01
9.447293837734653721e+01
9.446369386254708900e+01
9.445448374589723528e+01
9.444530815577891758e+01
9.443616722057400636e+01
9.442706106866444316e+01
9.441798982843211263e+01
9.440895362825895631e+01
9.439995259652685888e+01
9.439098686161770502e+01
9.438205655191345045e+01
9.437316179579597986e+01
9.436430272164722055e+01
9.435547945784907142e+01
9.434669213278341715e+01
9.433794087483219926e+01
9.432922581237730242e+01
9.432054707380063974e+01
9.431190478748416695e+01
9.430329908180969767e+01
9.429473008515920185e+01
9.428619792591463522e+01
9.427770273245783983e+01
9.426924463317071456e+01
9.426082375643522937e+01
9.425244023063321208e+01
9.424409418414661843e+01
9.423578574535734731e+01
9.422751504264736866e+01
9.421928220439849611e+01
9.421108735899267117e+01
9.420293063481183538e+01
9.419481216023784498e+01
9.418673206365265571e+01
9.417869047343813804e+01
9.417068751797626192e+01
9.416272332564885517e+01
9.415479802483788774e+01
9.414691174392524431e+01
9.413906461129280956e+01
9.413125675532253922e+01
9.412348830439633218e+01
9.411575938689607312e+01
9.410807013120367515e+01
9.410042066570106556e+01
9.409281111877015746e+01
9.408524161879283554e+01
9.407771229415099867e+01
9.407022327322658839e+01
9.406277468440151779e+01
9.405536665605765734e+01
9.404799931657696277e+01
9.404067279434130455e+01
9.403338721773256736e+01
9.402614271513273536e+01
9.401893941492366480e+01
9.401177744548729720e+01
9.400465693520548882e+01
9.399757801246023803e+01
9.399054080563335845e+01
9.398354544310679159e+01
9.397659205326247900e+01
9.396968076448227691e+01
9.396281170514814107e+01
9.395598500364192773e+01
9.394920078834562105e+01
9.394245918764106307e+01
9.393576032991018110e+01
9.392910434353490245e+01
9.392249135689711181e+01
9.391592149837873649e+01
9.390939489636166115e+01
9.390291167922784155e+01
9.389647197535916234e+01
9.389007591313749401e+01
9.388372362094476387e+01
9.387741522716291342e+01
9.387115086017382737e+01
9.386493064835941880e+01
9.385875472010161502e+01
9.385262320378228651e+01
9.384653622778337478e+01
9.384049392048677873e+01
9.383449641027438304e+01
9.382854382552812922e+01
9.382263629462991616e+01
9.381677394596165698e+01
9.381095690790523633e+01
9.380518530884258155e+01
9.379945927715560572e+01
9.379377894122623616e+01
9.378814442943635754e+01
9.378255587016784034e+01
9.377701339180266871e+01
9.377151712272268469e+01
9.376606719130985823e+01
9.376066372594605980e+01
9.375530685501320249e+01
9.374999670689318521e+01
9.374473340996793524e+01
9.373951709261935150e+01
9.373434788322937550e+01
9.372922591017987770e+01
9.372415130185275700e+01
9.371912418662995492e+01
9.371414469289337035e+01
9.370921294902491638e+01
9.370432908340647771e+01
9.369949322441999584e+01
9.369470550044735546e+01
9.368996603987045546e+01
9.368527497107125157e+01
9.368063242243161426e+01
9.367603852233347084e+01
9.367149339915870598e+01
9.366699718128924701e+01
9.366254999710700702e+01
9.365815197499388489e+01
9.365380324333179374e+01
9.364950393050264665e+01
9.364525416488834253e+01
9.364105407487075183e+01
9.363690378883187293e+01
9.363280343515354787e+01
9.362875314221773237e+01
9.362475303840629692e+01
9.362080325210114040e+01
9.361690391168421854e+01
9.361305514553740181e+01
9.360925708204260332e+01
9.360550984958173615e+01
9.360181357653672762e+01
9.359816839128947663e+01
9.359457442222185364e+01
9.359103179771581438e+01
9.358754064615328616e+01
9.358410109591611103e+01
9.358071327538624473e+01
9.357737731294557193e+01
9.357409333697603415e+01
9.357086147585948765e+01
9.356768185797790238e+01
9.356455461171314880e+01
9.356147986544712580e+01
9.355845774756177491e+01
9.355548838643899501e+01
9.355257191046068499e+01
9.354970844800875795e+01
9.354689812746512700e+01
9.354414107721171945e+01
9.354143742563039154e+01
9.353878730110308481e+01
9.353619083201171236e+01
9.353364814673818728e+01
9.353115937366438004e+01
9.352872464117224638e+01
9.352634407764367097e+01
9.352401781146058113e+01
9.352174597100486153e+01
9.351952868465842528e+01
9.351736608080318547e+01
9.351525828782106942e+01
9.351320543409394759e+01
9.351120764800378993e+01
9.350926505793241006e+01
9.350737779226179214e+01
9.350554597937386347e+01
9.350376974765043769e+01
9.350204922547352737e+01
9.350038454122497456e+01
9.349877582328670655e+01
9.349722320004063647e+01
9.349572679986866319e+01
9.349428675115272824e+01
9.349290318227468788e+01
9.349157622161646941e+01
9.349030599756002857e+01
9.348909263848719320e+01
9.348793627277994744e+01
9.348683702882016178e+01
9.348579503498976351e+01
9.348481041967058047e+01
9.348388331124463946e+01
9.348301383809379672e+01
9.348220212859995115e+01
9.348144831114503006e+01
9.348075251411097497e+01
9.348011486587961372e+01
9.347953549483288782e+01
9.347901452935273880e+01
9.347855209782102293e+01
9.347814832861972434e+01
9.347780335013067088e+01
9.347751729073583249e+01
9.347729027881706543e+01
9.347712244275631122e+01
9.347701391093544032e+01
9.347696481173645111e+01
9.347697527354118563e+01
9.347704542473151434e+01
9.347717539368943562e+01
9.347736530879680572e+01
9.347761529843555195e+01
9.347792549098754478e+01
9.347829601483473994e+01
9.347872699835905053e+01
9.347921856994233281e+01
9.347977085796652830e+01
9.348038399081356431e+01
9.348105809686529710e+01
9.348179330450368241e+01
9.348258974211064753e+01
9.348344753806803453e+01
9.348436682075777071e+01
9.348534771856181180e+01
9.348639035986204249e+01
9.348749487304031902e+01
9.348866138647863977e+01
9.348989002855884678e+01
9.349118092766286736e+01
9.349253421217261462e+01
9.349395001047000164e+01
9.349542845093692733e+01
9.349696966195531900e+01
9.349857377190704710e+01
9.350024090917406738e+01
9.350197120213825031e+01
9.350376477918155160e+01
9.350562176868579911e+01
9.350754229903300541e+01
9.350952649860496990e+01
9.351157449578370517e+01
9.351368641895102485e+01
9.351586239648892729e+01
9.351810255677926875e+01
9.352040702820394813e+01
9.352277593914493536e+01
9.352520941798405829e+01
9.352770759310327264e+01
9.353027059288446310e+01
9.353289854570959960e+01
9.353559157996050999e+01
9.353834982401917841e+01
9.354117340626740429e+01
9.354406245508724282e+01
9.354701709886049343e+01
9.355003746596908343e+01
9.355312368479496854e+01
9.355627588372000503e+01
9.355949419112612020e+01
9.356277873539522716e+01
9.356612964490923900e+01
9.356954704805002621e+01
9.357303107319958713e+01
9.357658184873974960e+01
9.358019950305241252e+01
9.358388416451956004e+01
9.358763596152306263e+01
9.359145502244479076e+01
9.359534147566671436e+01
9.359929544957068970e+01
9.360331707253864408e+01
9.360740647295251904e+01
9.361156377919421345e+01
9.361578911964559779e+01
9.362008262268857095e+01
9.362444441670511708e+01
9.362887463007710664e+01
9.363337339118642433e+01
9.363794082841499744e+01
9.364257707014475329e+01
9.364728224475757656e+01
9.365205648063538035e+01
9.365689990616004934e+01
9.366181264971355347e+01
9.366679483967774900e+01
9.367184660443459165e+01
9.367696807236592349e+01
9.368215937185371445e+01
9.368742063127983499e+01
9.369275197902619823e+01
9.369815354347474567e+01
9.370362545300736201e+01
9.370916783600594613e+01
9.371478082085243955e+01
9.372046453592872695e+01
9.372621910961672143e+01
9.373204467029830766e+01
9.373794134635541297e+01
9.374390926616997888e+01
9.374994855812386163e+01
9.375605935059901697e+01
9.376224177197731535e+01
9.376849595064069831e+01
9.377482201497105052e+01
9.378122009335024245e+01
9.378769031416027246e+01
9.379423280578302524e+01
9.380084769660034283e+01
9.380753511499422359e+01
9.381429518934649536e+01
9.382112804803912809e+01
9.382803381945399224e+01
9.383501263197301512e+01
9.384206461397810983e+01
9.384918989385116106e+01
9.385638859997411032e+01
9.386366086072884229e+01
9.387100680449728429e+01
9.387842655966133520e+01
9.388592025460289392e+01
9.389348801770388775e+01
9.390112997734620137e+01
9.390884626191176210e+01
9.391663699978248303e+01
9.392450231934026306e+01
9.393244234896698686e+01
9.394045721704462437e+01
9.394854705195501765e+01
9.395671198208012243e+01
9.396495213580185180e+01
9.397326764150206202e+01
9.398165862756272304e+01
9.399012522236569112e+01
9.399866755429292198e+01
9.400728575172628609e+01
9.401597994304771078e+01
9.402475025663910912e+01
9.403359682088235161e+01
9.404251976415942238e+01
9.405151921485213506e+01
9.406059530134247382e+01
9.406974815201235174e+01
9.407897789524361087e+01
9.408828465941820696e+01
9.409766857291805309e+01
9.410712976412501973e+01
9.411666836142107684e+01
9.412628449318808066e+01
9.413597828780794430e+01
9.414574987366259506e+01
9.415559937913393185e+01
9.416552693260386775e+01
9.417553266245433008e+01
9.418561669706717510e+01
9.419577916482435853e+01
9.420602019410776506e+01
9.421633991329932201e+01
9.422673845078094246e+01
9.423721593493451110e+01
9.424777249414194102e+01
9.425840825678515955e+01
9.426912335124607978e+01
9.427991790590654375e+01
9.429079204914856405e+01
9.430174590935398271e+01
9.431277961490472705e+01
9.432389329418268176e+01
9.433508707556977413e+01
9.434636108744793148e+01
9.435771545819903849e+01
9.436915031620500827e+01
9.438066578984773969e+01
9.439226200750917428e+01
9.440393909757121094e+01
9.441569718841572012e+01
9.442753640842465757e+01
9.443945688597990795e+01
9.445145874946337017e+01
9.446354212725697153e+01
9.447570714774261091e+01
9.448795393930222986e+01
9.450028263031769882e+01
9.451269334917094511e+01
9.452518622424383921e+01
9.453776138391833683e+01
9.455041895657635109e+01
9.456315907059976666e+01
9.457598185437048244e+01
9.458888743627045415e+01
9.460187594468150962e+01
9.461494750798561881e+01
9.462810225456469482e+01
9.464134031280062231e+01
9.465466181107532861e+01
9.466806687777066998e+01
9.468155564126863055e+01
9.469512822995109502e+01
9.470878477219993385e+01
9.472252539639708857e+01
9.473635023092447227e+01
9.475025940416396963e+01
9.476425304449752218e+01
9.477833128030702881e+01
9.479249423997438839e+01
9.480674205188149983e+01
9.482107484441027623e+01
9.483549274594264489e+01
9.484999588486049049e+01
9.486458438954574035e+01
9.487925838838032178e+01
9.489401800974610524e+01
9.490886338202500383e+01
9.492379463359894487e+01
9.493881189284982725e+01
9.495391528815956406e+01
9.496910494791005419e+01
9.498438100048322497e+01
9.499974357426097527e+01
9.501519279762520398e+01
9.503072879895782421e+01
9.504635170664077748e+01
9.506206164905590583e+01
9.507785875458516500e+01
9.509374315161045388e+01
9.510971496851371398e+01
9.512577433367680158e+01
9.514192137548162975e+01
9.515815622231012583e+01
9.517447900254423132e+01
9.519088984456580249e+01
9.520738887675675244e+01
9.522397622749902268e+01
9.524065202517448370e+01
9.525741639816507700e+01
9.527426947485267306e+01
9.529121138361924181e+01
9.530824225284663953e+01
9.532536221091679352e+01
9.534257138621160266e+01
9.535986990711299427e+01
9.537725790200283882e+01
9.539473549926312046e+01
9.541230282727568124e+01
9.542996001442244847e+01
9.544770718908532103e+01
9.546554447964619783e+01
9.548347201448704880e+01
9.550148992198973019e+01
9.551959833053616933e+01
9.553779736850825088e+01
9.555608716428791638e+01
9.557446784625702207e+01
9.559293954279755212e+01
9.561150238229137699e+01
9.563015649312038136e+01
9.564890200366650674e+01
9.566773904231163783e+01
9.568666773743774456e+01
9.570568821742664056e+01
9.572480061066030999e+01
9.574400504552063751e+01
9.576330165038952202e+01
9.578269055364887663e+01
9.580217188368061443e+01
9.582174576886663431e+01
9.584141233758889200e+01
9.586117171822921534e+01
9.588102403916957428e+01
9.590096942879188191e+01
9.592100801547798028e+01
9.594113992760986775e+01
9.596136529356937217e+01
9.598168424173846347e+01
9.600209690049901212e+01
9.602260339823294544e+01
9.604320386332216231e+01
9.606389842414857583e+01
9.608468720909408489e+01
9.610557034654061681e+01
9.612654796487007047e+01
9.614762019246435898e+01
9.616878715770539543e+01
9.619004898897509293e+01
9.621140581465533614e+01
9.623285776312802398e+01
9.625440496277511215e+01
9.627604754197847114e+01
9.629778562912002826e+01
9.631961935258169660e+01
9.634154884074536085e+01
9.636357422199294831e+01
9.638569562470635788e+01
9.640791317726751686e+01
9.643022700805832415e+01
9.645263724546069284e+01
9.647514401785650762e+01
9.649774745362771000e+01
9.652044768115618467e+01
9.654324482882385894e+01
9.656613902501263169e+01
9.658913039810440182e+01
9.661221907648108242e+01
9.663540518852460082e+01
9.665868886261682746e+01
9.668207022713974652e+01
9.670554941047518582e+01
9.672912654100507268e+01
9.675280174711134862e+01
9.677657515717591252e+01
9.680044689958064907e+01
9.682441710270748558e+01
9.684848589493833515e+01
9.687265340465508245e+01
9.689691976023965481e+01
9.692128509007395110e+01
9.694574952253992706e+01
9.697031318601941052e+01
9.699497620889434302e+01
9.701973871954665185e+01
9.704460084635825012e+01
9.706956271771102251e+01
9.709462446198689634e+01
9.711978628522085444e+01
9.714504870406037185e+01
9.717041231280592228e+01
9.719587770575806474e+01
9.722144547721731556e+01
9.724711622148423373e+01
9.727289053285929299e+01
9.729876900564309494e+01
9.732475223413609910e+01
9.735084081263885025e+01
9.737703533545192158e+01
9.740333639687578682e+01
9.742974459121101916e+01
9.745626051275812074e+01
9.748288475581757950e+01
9.750961791469001128e+01
9.753646058367593241e+01
9.756341335707578821e+01
9.759047682919018030e+01
9.761765159431959660e+01
9.764493824676458189e+01
9.767233738082572359e+01
9.769984959080342435e+01
9.772747547099834264e+01
9.775521561571095219e+01
9.778307061924174093e+01
9.781104107589128205e+01
9.783912757996012033e+01
9.786733072574872949e+01
9.789565110755768274e+01
9.792408931968749641e+01
9.795264595643871530e+01
9.798132161211182733e+01
9.801011688100739150e+01
9.803903235742595257e+01
9.806806863566799848e+01
9.809722631003407400e+01
9.812650597482470971e+01
9.815590822434045037e+01
9.818543365288176972e+01
9.821508285474928357e+01
9.824485642424343723e+01
9.827475495566478969e+01
9.830477904331391414e+01
9.833492928149127010e+01
9.836520626449743077e+01
9.839561058663289828e+01
9.842614284219821741e+01
9.845680362549390452e+01
9.848759353082050438e+01
9.851851315247851915e+01
9.854956308476853621e+01
9.858074392199101510e+01
9.861205625844648637e+01
9.864350068843553743e+01
9.867507780625867042e+01
9.870678820621638749e+01
9.873863248260926184e+01
9.877061122973779561e+01
9.880272504190249094e+01
9.883497451340390683e+01
9.886736023854261646e+01
9.889988281161906514e+01
9.893254282693381185e+01
9.896534087878740138e+01
9.899827756148036428e+01
9.903135346931321692e+01
9.906456919658644722e+01
9.909792533760067101e+01
9.913142248665636203e+01
9.916506123805403661e+01
9.919884218609428217e+01
9.923276592507758664e+01
9.926683304930445217e+01
9.930104415307545196e+01
9.933539983069110235e+01
9.936990067645193392e+01
9.940454728465847722e+01
9.943934024961123441e+01
9.947428016561076447e+01
9.950936762695758375e+01
9.954460322795223703e+01
9.957998756289519804e+01
9.961552122608708260e+01
9.965120481182836443e+01
9.968703891441955989e+01
9.972302412816121375e+01
9.975916104735388501e+01
9.979545026629806159e+01
9.983189237929430249e+01
9.986848798064310984e+01
9.990523766464502842e+01
9.994214202560060301e+01
9.997920165781029311e+01
1.000164171555747146e+02
1.000537891131943127e+02
1.000913181249697175e+02
1.001290047852013743e+02
1.001668496881898420e+02
1.002048534282356513e+02
1.002430165996393043e+02
1.002813397967013316e+02
1.003198236137223063e+02
1.003584686450027590e+02
1.003972754848431634e+02
1.004362447275440644e+02
1.004753769674060209e+02
1.005146727987295350e+02
1.005541328158151373e+02
1.005937576129633868e+02
1.006335477844747572e+02
1.006735039246497934e+02
1.007136266277890542e+02
1.007539164881930702e+02
1.007943741001623295e+02
1.008350000579973909e+02
1.008757949559987708e+02
1.009167593884670282e+02
1.009578939497026226e+02
1.009991992340061557e+02
1.010406758356780870e+02
1.010823243490190180e+02
1.011241453683294509e+02
1.011661394879098879e+02
1.012083073020608737e+02
1.012506494050829531e+02
1.012931663912766140e+02
1.013358588549424155e+02
1.013787273903809307e+02
1.014217725918925908e+02
1.014649950537780114e+02
1.015083953703376523e+02
1.015519741358720722e+02
1.015957319446818303e+02
1.016396693910673861e+02
1.016837870693293411e+02
1.017280855737681833e+02
1.017725654986844575e+02
1.018172274383786373e+02
1.018620719871513529e+02
1.019070997393030495e+02
1.019523112891343004e+02
1.019977072309456076e+02
1.020432881590375018e+02
1.020890546677105419e+02
1.021350073512652159e+02
1.021811468040020827e+02
1.022274736202216445e+02
1.022739883942244603e+02
1.023206917203110322e+02
1.023675841927818908e+02
1.024146664059375809e+02
1.024619389540786472e+02
1.025094024315055634e+02
1.025570574325189170e+02
1.026049045514191960e+02
1.026529443825069450e+02
1.027011775200826946e+02
1.027496045584469471e+02
1.027982260919002613e+02
1.028470427147431678e+02
1.028960550212761831e+02
1.029452636057998234e+02
1.029946690626146477e+02
1.030442719860211866e+02
1.030940729703199423e+02
1.031440726098114169e+02
1.031942714987961693e+02
1.032446702315747871e+02
1.032952694024477012e+02
1.033460696057155133e+02
1.033970714356786829e+02
1.034482754866378116e+02
1.034996823528933874e+02
1.035512926287459408e+02
1.036031069084960023e+02
1.036551257864441027e+02
1.037073498568907866e+02
1.037597797141365419e+02
1.038124159524819703e+02
1.038652591662274887e+02
1.039183099496737270e+02
1.039715688971211733e+02
1.040250366028703723e+02
1.040787136612218404e+02
1.041326006664761081e+02
1.041866982129336918e+02
1.042410068948951078e+02
1.042955273066609436e+02
1.043502600425316729e+02
1.044052056968078404e+02
1.044603648637899767e+02
1.045157381377786123e+02
1.045713261130742779e+02
1.046271293839775183e+02
1.046831485447888213e+02
1.047393841898087175e+02
1.047958369133377801e+02
1.048525073096765254e+02
1.049093959731254699e+02
1.049665034979851015e+02
1.050238304785560217e+02
1.050813775091387043e+02
1.051391451840337368e+02
1.051971340975415785e+02
1.052553448439627886e+02
1.053137780175978975e+02
1.053724342127474642e+02
1.054313140237119484e+02
1.054904180447919373e+02
1.055497468702879615e+02
1.056093010945004949e+02
1.056690813117301104e+02
1.057290881162773246e+02
1.057893221024426396e+02
1.058497838645266711e+02
1.059104739968298503e+02
1.059713930936527362e+02
1.060325417492959019e+02
1.060939205580597786e+02
1.061555301142450105e+02
1.062173710121520429e+02
1.062794438460814348e+02
1.063417492103337167e+02
1.064042876992093909e+02
1.064670599070090589e+02
1.065300664280331659e+02
1.065933078565822711e+02
1.066567847869569050e+02
1.067204978134575981e+02
1.067844475303848668e+02
1.068486345320392559e+02
1.069130594127213101e+02
1.069777227667315316e+02
1.070426251883704367e+02
1.071077672719385845e+02
1.071731496117364912e+02
1.072387728020646591e+02
1.073046374372236755e+02
1.073707441115140142e+02
1.074370934192362199e+02
1.075036859546908516e+02
1.075705223121783831e+02
1.076376030859994160e+02
1.077049288704543955e+02
1.077725002598438806e+02
1.078403178484684872e+02
1.079083822306285754e+02
1.079766940006248035e+02
1.080452537527576595e+02
1.081140620813276598e+02
1.081831195806353776e+02
1.082524268449812865e+02
1.083219844686659314e+02
1.083917930459898997e+02
1.084618531712536083e+02
1.085321654387576871e+02
1.086027304428025957e+02
1.086735487776889357e+02
1.087446210377171667e+02
1.088159478171878334e+02
1.088875297104014805e+02
1.089593673116586103e+02
1.090314612152598386e+02
1.091038120155055395e+02
1.091764203066963859e+02
1.092492866831328229e+02
1.093224117391153953e+02
1.093957960689446907e+02
1.094694402669211399e+02
1.095433449273453448e+02
1.096175106445178073e+02
1.096919380127390298e+02
1.097666276263095995e+02
1.098415800795300470e+02
1.099167959667008034e+02
1.099922758821224988e+02
1.100680204200956354e+02
1.101440301749206867e+02
1.102203057408982829e+02
1.102968477123288551e+02
1.103736566835130049e+02
1.104507332487511917e+02
1.105280780023439888e+02
1.106056915385919410e+02
1.106835744517955646e+02
1.107617273362553476e+02
1.108401507862718489e+02
1.109188453961456275e+02
1.109978117601771288e+02
1.110770504726669685e+02
1.111565621279156630e+02
1.112363473202236719e+02
1.113164066438915967e+02
1.113967406932199253e+02
1.114773500625092026e+02
1.115582353460599876e+02
1.116393971381727255e+02
1.117208360331480321e+02
1.118025526252864097e+02
1.118845475088883603e+02
1.119668212782544288e+02
1.120493745276851172e+02
1.121322078514810130e+02
1.122153218439425899e+02
1.122987170993704211e+02
1.123823942120650088e+02
1.124663537763269119e+02
1.125505963864565899e+02
1.126351226367546303e+02
1.127199331215215921e+02
1.128050284350579062e+02
1.128904091716641744e+02
1.129760759256409131e+02
1.130620292912886100e+02
1.131482698629078527e+02
1.132347982347991575e+02
1.133216150012630123e+02
1.134087207565999478e+02
1.134961160951105512e+02
1.135838016110953106e+02
1.136717778988547849e+02
1.137600455526894621e+02
1.138486051668998584e+02
1.139374573357866041e+02
1.140266026536500590e+02
1.141160417147909101e+02
1.142057751135096169e+02
1.142958034441067099e+02
1.143861273008827482e+02
1.144767472781381912e+02
1.145676639701736406e+02
1.146588779712895843e+02
1.147503898757865670e+02
1.148422002779651052e+02
1.149343097721257436e+02
1.150267189525690128e+02
1.151194284135954433e+02
1.152124387495055231e+02
1.153057505545998254e+02
1.153993644231788664e+02
1.154932809495431485e+02
1.155875007279932305e+02
1.156820243528296288e+02
1.157768524183529024e+02
1.158719855188635108e+02
1.159674242486620699e+02
1.160631692020490391e+02
1.161592209733249632e+02
1.162555801567904155e+02
1.163522473467458695e+02
1.164492231374918987e+02
1.165465081233289624e+02
1.166441028985576764e+02
1.167420080574785288e+02
1.168402241943919933e+02
1.169387519035986998e+02
1.170375917793990936e+02
1.171367444160937481e+02
1.172362104079832079e+02
1.173359903493679184e+02
1.174360848345485238e+02
1.175364944578254551e+02
1.176372198134993141e+02
1.177382614958705886e+02
1.178396200992397809e+02
1.179412962179075066e+02
1.180432904461742112e+02
1.181456033783404393e+02
1.182482356087067643e+02
1.183511877315736598e+02
1.184544603412416706e+02
1.185580540320113414e+02
1.186619693981832029e+02
1.187662070340577714e+02
1.188707675339355774e+02
1.189756514921171515e+02
1.190808595029030101e+02
1.191863921605936980e+02
1.192922500594897315e+02
1.193984337938916553e+02
1.195049439581000001e+02
1.196117811464152680e+02
1.197189459531379754e+02
1.198264389725687238e+02
1.199342607990079728e+02
1.200424120267562671e+02
1.201508932501141516e+02
1.202597050633821283e+02
1.203688480608607705e+02
1.204783228368505661e+02
1.205881299856520599e+02
1.206982701015657966e+02
1.208087437788922642e+02
1.209195516119319933e+02
1.210306941949855712e+02
1.211421721223534718e+02
1.212539859883362254e+02
1.213661363872344054e+02
1.214786239133484855e+02
1.215914491609790531e+02
1.217046127244265676e+02
1.218181151979915882e+02
1.219319571759746736e+02
1.220461392526762978e+02
1.221606620223970197e+02
1.222755260794374124e+02
1.223907320180979070e+02
1.225062804326791195e+02
1.226221719174815235e+02
1.227384070668056779e+02
1.228549864749520850e+02
1.229719107362213180e+02
1.230891804449138363e+02
1.232067961953302415e+02
1.233247585817709933e+02
1.234430681985366789e+02
1.235617256399278006e+02
1.236807315002449030e+02
1.238000863737884742e+02
1.239197908548591442e+02
1.240398455377572873e+02
1.241602510167835334e+02
1.242810078862383989e+02
1.244021167404224002e+02
1.245235781736360821e+02
1.246453927801799608e+02
1.247675611543545529e+02
1.248900838904604029e+02
1.250129615827980274e+02
1.251361948256679710e+02
1.252597842133707786e+02
1.253837303402069381e+02
1.255080338004769942e+02
1.256326951884814775e+02
1.257577150985209045e+02
1.258830941248958197e+02
1.260088328619067966e+02
1.261349319038542376e+02
1.262613918450387871e+02
1.263882132797609188e+02
1.265153968023212059e+02
1.266429430070201079e+02
1.267708524881582406e+02
1.268991258400360209e+02
1.270277636569541357e+02
1.271567665332129593e+02
1.272861350631130790e+02
1.274158698409550539e+02
1.275459715200762787e+02
1.276764409899618329e+02
1.278072791991337311e+02
1.279384870961138603e+02
1.280700656294243629e+02
1.282020157475870406e+02
1.283343383991239932e+02
1.284670345325571930e+02
1.286001050964085266e+02
1.287335510392000515e+02
1.288673733094537681e+02
1.290015728556915633e+02
1.291361506264355512e+02
1.292711075702076187e+02
1.294064446355297662e+02
1.295421627709239374e+02
1.296782629249121896e+02
1.298147460460164098e+02
1.299516130827587119e+02
1.300888649836609545e+02
1.302265026972451665e+02
1.303645271720333199e+02
1.305029393565473583e+02
1.306417401993093677e+02
1.307809306488412062e+02
1.309205116536648745e+02
1.310604841623024583e+02
1.312008491232758445e+02
1.313416074851070050e+02
1.314827601963179973e+02
1.316243082054307081e+02
1.317662524609671948e+02
1.319085939114493726e+02
1.320513335053993274e+02
1.321944721913388889e+02
1.323380109177901716e+02
1.324819506332750620e+02
1.326262922863156177e+02
1.327710368254337538e+02
1.329161851991514425e+02
1.330617383559907410e+02
1.332076972444735929e+02
1.333540628131219421e+02
1.335008360104578173e+02
1.336480177850032192e+02
1.337956090852800060e+02
1.339436108598103203e+02
1.340920240571160491e+02
1.342408496257191075e+02
1.343900885141416381e+02
1.345397416709054994e+02
1.346898100445326918e+02
1.348402945835453011e+02
1.349911962364651288e+02
1.351425159518143175e+02
1.352942546781146973e+02
1.354464133638883823e+02
1.355989929576573161e+02
1.357519944079434424e+02
1.359054186632687333e+02
1.360592666721552177e+02
1.362135393831249246e+02
1.363682377446996554e+02
1.365233627054015813e+02
1.366789152137525036e+02
1.368348962182745652e+02
1.369913066674896811e+02
1.371481475099198519e+02
1.373054196940869929e+02
1.374631241685131329e+02
1.376212618817202440e+02
1.377798337822303836e+02
1.379388408185653816e+02
1.380982839392473238e+02
1.382581640927981539e+02
1.384184822277398723e+02
1.385792392925944227e+02
1.387404362358838057e+02
1.389020740061300501e+02
1.390641535518550711e+02
1.392266758215808977e+02
1.393896417638294167e+02
1.395530523271227139e+02
1.397169084599827329e+02
1.398812111109314174e+02
1.400459612284908530e+02
1.402111597611828984e+02
1.403768076575295538e+02
1.405429058660528767e+02
1.407094553352747823e+02
1.408764570137172711e+02
1.410439118499023436e+02
1.412118207923519435e+02
1.413801847895880428e+02
1.415490047901326705e+02
1.417182817425077701e+02
1.418880165952353423e+02
1.420582102968373590e+02
1.422288637958357640e+02
1.423999780407525861e+02
1.425715539801097975e+02
1.427435925624293702e+02
1.429160947362332763e+02
1.430890614500435731e+02
1.432624936523820907e+02
1.434363922917709431e+02
1.436107583167320456e+02
1.437855926757873988e+02
1.439608963174589746e+02
1.441366701902687737e+02
1.443129152427387112e+02
1.444896324233908445e+02
1.446668226807471171e+02
1.448444869633295298e+02
1.450226262196600544e+02
1.452012413982606063e+02
1.453803334476532996e+02
1.455599033163600211e+02
1.457399519529027714e+02
1.459204803058035509e+02
1.461014893235842749e+02
1.462829799547669722e+02
1.464649531478736151e+02
1.466474098514262607e+02
1.468303510139467107e+02
1.470137775839571077e+02
1.471976905099793669e+02
1.473820907405354887e+02
1.475669792241474454e+02
1.477523569093372089e+02
1.479382247446267797e+02
1.481245836785380732e+02
1.483114346595931181e+02
1.484987786363139151e+02
1.486866165572224929e+02
1.488749493708407101e+02
1.490637780256905671e+02
1.492531034702941213e+02
1.494429266531732878e+02
1.496332485228500957e+02
1.498240700278464601e+02
1.500153921166844384e+02
1.502072157378859174e+02
1.503995418399729260e+02
1.505923713714675216e+02
1.507857052808916194e+02
1.509795445167671630e+02
1.511738900276161246e+02
1.513687427619605614e+02
1.515641036683223604e+02
1.517599736952236356e+02
1.519563537911862738e+02
1.521532449047322189e+02
1.523506479843835280e+02
1.525485639786621732e+02
1.527469938360900983e+02
1.529459385051893037e+02
1.531453989344817899e+02
1.533453760724894721e+02
1.535458708677344646e+02
1.537468842687385404e+02
1.539484172240238706e+02
1.541504706821123705e+02
1.543530455915259836e+02
1.545561429007867105e+02
1.547597635584165516e+02
1.549639085129374223e+02
1.551685787128713798e+02
1.553737751067404247e+02
1.555794986430665006e+02
1.557857502703715227e+02
1.559925309371775484e+02
1.561998415920065213e+02
1.564076831833804988e+02
1.566160566598213393e+02
1.568249629698511001e+02
1.570344030619917817e+02
1.572443778847652709e+02
1.574548883866936251e+02
1.576659355162988163e+02
1.578775202221027882e+02
1.580896434526275698e+02
1.583023061563951330e+02
1.585155092819273932e+02
1.587292537777464076e+02
1.589435405923741484e+02
1.591583706743325592e+02
1.593737449721436406e+02
1.595896644343293644e+02
1.598061300094116746e+02
1.600231426459126851e+02
1.602407032923542261e+02
1.604588128972583263e+02
1.606774724091470148e+02
1.608966827765422067e+02
1.611164449479659311e+02
1.613367598719401315e+02
1.615576284969867515e+02
1.617790517716278487e+02
1.620010306443854518e+02
1.622235660637813908e+02
1.624466589783377799e+02
1.626703103365764491e+02
1.628945210870195410e+02
1.631192921781889709e+02
1.633446245586066254e+02
1.635705191767946758e+02
1.637969769812749519e+02
1.640239989205694826e+02
1.642515859432002117e+02
1.644797389976892248e+02
1.647084590325584372e+02
1.649377469963297926e+02
1.651676038375252347e+02
1.653980305046669059e+02
1.656290279462766648e+02
1.658605971108765118e+02
1.660927389469884474e+02
1.663254544031344722e+02
1.665587444278364444e+02
1.667926099696164783e+02
1.670270519769965176e+02
1.672620713984985343e+02
1.674976691826445006e+02
1.677338462779563883e+02
1.679706036329562266e+02
1.682079421961659875e+02
1.684458629161075862e+02
1.686843667413030232e+02
1.689234546202743275e+02
1.691631275015434142e+02
1.694033863336323691e+02
1.696442320650630791e+02
1.698856656443574593e+02
1.701276880200377377e+02
1.703703001406256021e+02
1.706135029546432520e+02
1.708572974106126026e+02
1.711016844570555122e+02
1.713466650424941236e+02
1.715922401154503234e+02
1.718384106244461975e+02
1.720851775180035759e+02
1.723325417446445726e+02
1.725805042528911031e+02
1.728290659912650824e+02
1.730782279082886816e+02
1.733279909524837308e+02
1.735783560723722019e+02
1.738293242164761239e+02
1.740808963333174688e+02
1.743330733714182941e+02
1.745858562793004296e+02
1.748392460054859043e+02
1.750932434984968324e+02
1.753478497068549871e+02
1.756030655790824540e+02
1.758588920637012620e+02
1.761153301092333265e+02
1.763723806642005911e+02
1.766300446771251700e+02
1.768883230965288931e+02
1.771472168709337893e+02
1.774067269488619161e+02
1.776668542788351601e+02
1.779275998093754936e+02
1.781889644890049738e+02
1.784509492662455727e+02
1.787135550896192058e+02
1.789767829076478449e+02
1.792406336688536044e+02
1.795051083217583141e+02
1.797702078148840030e+02
1.800359330967527001e+02
1.803022851158863773e+02
1.805692648208069215e+02
1.808368731600364185e+02
1.811051110820968120e+02
1.813739795355100455e+02
1.816434794687981480e+02
1.819136118304830916e+02
1.821843775690868483e+02
1.824557776331313903e+02
1.827278129711387180e+02
1.830004845316307751e+02
1.832737932631295905e+02
1.835477401141571079e+02
1.838223260332352993e+02
1.840975519688862221e+02
1.843734188696317347e+02
1.846499276839939228e+02
1.849270793604947585e+02
1.852048748476561286e+02
1.854833150940001190e+02
1.857624010480486163e+02
1.860421336583236780e+02
1.863225138733473045e+02
1.866035426416413543e+02
1.868852209117279131e+02
1.871675496321288961e+02
1.874505297513663891e+02
1.877341622179622505e+02
1.880184479804385091e+02
1.883033879873171941e+02
1.885889831871201920e+02
1.888752345283695320e+02
1.891621429595872144e+02
1.894497094292951829e+02
1.897379348860154380e+02
1.900268202782699518e+02
1.903163665545807248e+02
1.906065746634697007e+02
1.908974455534588799e+02
1.911889801730702629e+02
1.914811794708257651e+02
1.917740443952474152e+02
1.920675758948572707e+02
1.923617749181771046e+02
1.926566424137290880e+02
1.929521793300351362e+02
1.932483866156172212e+02
1.935452652189973151e+02
1.938428160886974467e+02
1.941410401732395030e+02
1.944399384211456550e+02
1.947395117809376188e+02
1.950397612011375372e+02
1.953406876302673822e+02
1.956422920168491260e+02
1.959445753094047404e+02
1.962475384564561409e+02
1.965511824065254700e+02
1.968555081081345293e+02
1.971605165098053476e+02
1.974662085600600108e+02
1.977725852074203772e+02
1.980796474004085042e+02
1.983873960875463354e+02
1.986958322173558145e+02
1.990049567383589988e+02
1.993147705990778036e+02
1.996252747480343146e+02
1.999364701337503334e+02
2.002483577047480026e+02
2.005609384095492089e+02
2.008742131966759814e+02
2.011881830146503205e+02
2.015028488119941130e+02
2.018182115372294732e+02
2.021342721388782309e+02
2.024510315654624719e+02
2.027684907655041116e+02
2.030866506875252071e+02
2.034055122800476738e+02
2.037250764915935406e+02
2.040453442706847511e+02
2.043663165658433059e+02
2.046879943255910916e+02
2.050103784984502511e+02
2.053334700329427278e+02
2.056572698775903518e+02
2.059817789809152941e+02
2.063069982914394132e+02
2.066329287576847378e+02
2.069595713281732401e+02
2.072869269514268922e+02
2.076149965759676661e+02
2.079437811503176192e+02
2.082732816229985815e+02
2.086034989425326671e+02
2.089344340574418197e+02
2.092660879162480114e+02
2.095984614674732143e+02
2.099315556596394003e+02
2.102653714412685417e+02
2.105999097608827242e+02
2.109351715670038061e+02
2.112711578081537596e+02
2.116078694328546703e+02
2.119453073896285105e+02
2.122834726269971100e+02
2.126223660934825830e+02
2.129619887376068732e+02
2.133023415078919811e+02
2.136434253528598788e+02
2.139852412210324815e+02
2.143277900609319317e+02
2.146710728210799743e+02
2.150150904499988087e+02
2.153598438962102932e+02
2.157053341082364568e+02
2.160515620345992147e+02
2.163985286238206527e+02
2.167462348244227144e+02
2.170946815849272866e+02
2.174438698538565120e+02
2.177938005797321921e+02
2.181444747110764411e+02
2.184958931964112310e+02
2.188480569842584487e+02
2.192009670231401515e+02
2.195546242615783399e+02
2.199090296480948723e+02
2.202641841312119197e+02
2.206200886594512554e+02
2.209767441813350217e+02
2.213341516453850772e+02
2.216923120001235077e+02
2.220512261940722567e+02
2.224108951757532679e+02
2.227713198936885419e+02
2.231325012964000507e+02
2.234944403324098232e+02
2.238571379502398031e+02
2.242205950984119625e+02
2.245848127254482733e+02
2.249497917798707363e+02
2.253155332102014086e+02
2.256820379649621486e+02
2.260493069926749286e+02
2.264173412418618341e+02
2.267861416610447520e+02
2.271557091987456829e+02
2.275260448034867125e+02
2.278971494237896991e+02
2.282690240081766433e+02
2.286416695051695456e+02
2.290150868632903212e+02
2.293892770310611127e+02
2.297642409570037785e+02
2.301399795896402622e+02
2.305164938774926782e+02
2.308937847690828562e+02
2.312718532129329105e+02
2.316507001575647280e+02
2.320303265515003091e+02
2.324107333432616542e+02
2.327919214813707640e+02
2.331738919143495536e+02
2.335566455907200805e+02
2.339401834590042029e+02
2.343245064677240919e+02
2.347096155654015206e+02
2.350955117005586033e+02
2.354821958217173119e+02
2.358696688773996186e+02
2.362579318161274387e+02
2.366469855864227441e+02
